# k [h/Mpc]  P_lin [(Mpc/h)^3]  P_nonlin [(Mpc/h)^3]
1.000000e-05 4.569162e+01 4.569162e+01
1.018610e-05 4.651183e+01 4.651183e+01
1.037567e-05 4.734677e+01 4.734677e+01
1.056876e-05 4.819670e+01 4.819670e+01
1.076545e-05 4.906188e+01 4.906188e+01
1.096579e-05 4.994259e+01 4.994259e+01
1.116987e-05 5.083911e+01 5.083911e+01
1.137774e-05 5.175172e+01 5.175172e+01
1.158948e-05 5.268072e+01 5.268072e+01
1.180517e-05 5.362639e+01 5.362639e+01
1.202486e-05 5.458904e+01 5.458904e+01
1.224865e-05 5.556896e+01 5.556896e+01
1.247660e-05 5.656648e+01 5.656648e+01
1.270879e-05 5.758191e+01 5.758191e+01
1.294530e-05 5.861556e+01 5.861556e+01
1.318621e-05 5.966777e+01 5.966777e+01
1.343161e-05 6.073886e+01 6.073886e+01
1.368158e-05 6.182918e+01 6.182918e+01
1.393619e-05 6.293908e+01 6.293908e+01
1.419555e-05 6.406889e+01 6.406889e+01
1.445973e-05 6.521899e+01 6.521899e+01
1.472883e-05 6.638973e+01 6.638973e+01
1.500293e-05 6.758149e+01 6.758149e+01
1.528214e-05 6.879464e+01 6.879464e+01
1.556654e-05 7.002957e+01 7.002957e+01
1.585624e-05 7.128666e+01 7.128666e+01
1.615133e-05 7.256632e+01 7.256632e+01
1.645191e-05 7.386895e+01 7.386895e+01
1.675808e-05 7.519496e+01 7.519496e+01
1.706995e-05 7.654478e+01 7.654478e+01
1.738762e-05 7.791882e+01 7.791882e+01
1.771121e-05 7.931753e+01 7.931753e+01
1.804082e-05 8.074134e+01 8.074134e+01
1.837656e-05 8.219072e+01 8.219072e+01
1.871855e-05 8.366611e+01 8.366611e+01
1.906691e-05 8.516798e+01 8.516798e+01
1.942175e-05 8.669681e+01 8.669681e+01
1.978319e-05 8.825308e+01 8.825308e+01
2.015136e-05 8.983729e+01 8.983729e+01
2.052638e-05 9.144994e+01 9.144994e+01
2.090838e-05 9.309153e+01 9.309153e+01
2.129749e-05 9.476259e+01 9.476259e+01
2.169384e-05 9.646365e+01 9.646365e+01
2.209756e-05 9.819524e+01 9.819524e+01
2.250880e-05 9.995791e+01 9.995791e+01
2.292769e-05 1.017522e+02 1.017522e+02
2.335438e-05 1.035787e+02 1.035787e+02
2.378901e-05 1.054380e+02 1.054380e+02
2.423173e-05 1.073307e+02 1.073307e+02
2.468268e-05 1.092574e+02 1.092574e+02
2.514203e-05 1.112186e+02 1.112186e+02
2.560993e-05 1.132150e+02 1.132150e+02
2.608654e-05 1.152473e+02 1.152473e+02
2.657201e-05 1.173160e+02 1.173160e+02
2.706652e-05 1.194219e+02 1.194219e+02
2.757023e-05 1.215656e+02 1.215656e+02
2.808332e-05 1.237477e+02 1.237477e+02
2.860596e-05 1.259691e+02 1.259691e+02
2.913832e-05 1.282303e+02 1.282303e+02
2.968059e-05 1.305320e+02 1.305320e+02
3.023295e-05 1.328751e+02 1.328751e+02
3.079559e-05 1.352603e+02 1.352603e+02
3.136870e-05 1.376882e+02 1.376882e+02
3.195248e-05 1.401597e+02 1.401597e+02
3.254712e-05 1.426756e+02 1.426756e+02
3.315282e-05 1.452367e+02 1.452367e+02
3.376980e-05 1.478437e+02 1.478437e+02
3.439826e-05 1.504975e+02 1.504975e+02
3.503842e-05 1.531989e+02 1.531989e+02
3.569049e-05 1.559488e+02 1.559488e+02
3.635470e-05 1.587481e+02 1.587481e+02
3.703127e-05 1.615976e+02 1.615976e+02
3.772042e-05 1.644983e+02 1.644983e+02
3.842241e-05 1.674510e+02 1.674510e+02
3.913746e-05 1.704567e+02 1.704567e+02
3.986581e-05 1.735163e+02 1.735163e+02
4.060772e-05 1.766309e+02 1.766309e+02
4.136344e-05 1.798013e+02 1.798013e+02
4.213322e-05 1.830287e+02 1.830287e+02
4.291732e-05 1.863139e+02 1.863139e+02
4.371602e-05 1.896582e+02 1.896582e+02
4.452959e-05 1.930624e+02 1.930624e+02
4.535829e-05 1.965277e+02 1.965277e+02
4.620241e-05 2.000552e+02 2.000552e+02
4.706225e-05 2.036460e+02 2.036461e+02
4.793808e-05 2.073013e+02 2.073013e+02
4.883022e-05 2.110221e+02 2.110222e+02
4.973896e-05 2.148097e+02 2.148098e+02
5.066461e-05 2.186653e+02 2.186653e+02
5.160749e-05 2.225901e+02 2.225901e+02
5.256791e-05 2.265853e+02 2.265853e+02
5.354621e-05 2.306521e+02 2.306521e+02
5.454271e-05 2.347920e+02 2.347920e+02
5.555776e-05 2.390061e+02 2.390061e+02
5.659170e-05 2.432958e+02 2.432958e+02
5.764488e-05 2.476625e+02 2.476625e+02
5.871766e-05 2.521076e+02 2.521075e+02
5.981041e-05 2.566324e+02 2.566323e+02
6.092349e-05 2.612384e+02 2.612383e+02
6.205729e-05 2.659270e+02 2.659269e+02
6.321218e-05 2.706997e+02 2.706997e+02
6.438857e-05 2.755581e+02 2.755580e+02
6.558686e-05 2.805036e+02 2.805035e+02
6.680744e-05 2.855378e+02 2.855378e+02
6.805074e-05 2.906623e+02 2.906624e+02
6.931717e-05 2.958788e+02 2.958789e+02
7.060718e-05 3.011888e+02 3.011889e+02
7.192119e-05 3.065940e+02 3.065942e+02
7.325965e-05 3.120963e+02 3.120965e+02
7.462303e-05 3.176972e+02 3.176974e+02
7.601178e-05 3.233985e+02 3.233988e+02
7.742637e-05 3.292021e+02 3.292024e+02
7.886729e-05 3.351098e+02 3.351101e+02
8.033502e-05 3.411235e+02 3.411237e+02
8.183007e-05 3.472450e+02 3.472451e+02
8.335294e-05 3.534762e+02 3.534762e+02
8.490415e-05 3.598192e+02 3.598190e+02
8.648423e-05 3.662759e+02 3.662756e+02
8.809372e-05 3.728484e+02 3.728479e+02
8.973316e-05 3.795388e+02 3.795380e+02
9.140311e-05 3.863491e+02 3.863481e+02
9.310413e-05 3.932814e+02 3.932803e+02
9.483682e-05 4.003381e+02 4.003368e+02
9.660175e-05 4.075212e+02 4.075199e+02
9.839952e-05 4.148331e+02 4.148319e+02
1.002308e-04 4.222761e+02 4.222750e+02
1.020961e-04 4.298524e+02 4.298517e+02
1.039961e-04 4.375646e+02 4.375643e+02
1.059315e-04 4.454149e+02 4.454153e+02
1.079029e-04 4.534059e+02 4.534071e+02
1.099110e-04 4.615402e+02 4.615423e+02
1.119564e-04 4.698201e+02 4.698232e+02
1.140400e-04 4.782484e+02 4.782525e+02
1.161623e-04 4.868277e+02 4.868326e+02
1.183241e-04 4.955607e+02 4.955662e+02
1.205261e-04 5.044500e+02 5.044560e+02
1.227691e-04 5.134986e+02 5.135046e+02
1.250539e-04 5.227093e+02 5.227147e+02
1.273811e-04 5.320849e+02 5.320892e+02
1.297517e-04 5.416283e+02 5.416309e+02
1.321664e-04 5.513427e+02 5.513426e+02
1.346261e-04 5.612309e+02 5.612273e+02
1.371315e-04 5.712962e+02 5.712881e+02
1.396835e-04 5.815416e+02 5.815283e+02
1.422830e-04 5.919703e+02 5.919512e+02
1.449310e-04 6.025857e+02 6.025601e+02
1.476281e-04 6.133910e+02 6.133585e+02
1.503755e-04 6.243897e+02 6.243498e+02
1.531740e-04 6.355850e+02 6.355377e+02
1.560246e-04 6.469806e+02 6.469257e+02
1.589283e-04 6.585800e+02 6.585176e+02
1.618860e-04 6.703868e+02 6.703172e+02
1.648987e-04 6.824047e+02 6.823283e+02
1.679675e-04 6.946375e+02 6.945548e+02
1.710934e-04 7.070888e+02 7.070007e+02
1.742775e-04 7.197627e+02 7.196697e+02
1.775208e-04 7.326631e+02 7.325657e+02
1.808245e-04 7.457938e+02 7.456926e+02
1.841897e-04 7.591592e+02 7.590545e+02
1.876175e-04 7.727631e+02 7.726553e+02
1.911091e-04 7.866100e+02 7.864993e+02
1.946656e-04 8.007040e+02 8.005907e+02
1.982884e-04 8.150496e+02 8.149336e+02
2.019786e-04 8.296511e+02 8.295324e+02
2.057374e-04 8.445131e+02 8.443915e+02
2.095662e-04 8.596402e+02 8.595154e+02
2.134663e-04 8.750371e+02 8.749086e+02
2.174389e-04 8.907084e+02 8.905759e+02
2.214855e-04 9.066591e+02 9.065221e+02
2.256074e-04 9.228939e+02 9.227521e+02
2.298060e-04 9.394180e+02 9.392709e+02
2.340827e-04 9.562363e+02 9.560836e+02
2.384390e-04 9.733540e+02 9.731954e+02
2.428764e-04 9.907763e+02 9.906115e+02
2.473964e-04 1.008509e+03 1.008337e+03
2.520005e-04 1.026556e+03 1.026378e+03
2.566903e-04 1.044925e+03 1.044740e+03
2.614673e-04 1.063620e+03 1.063428e+03
2.663333e-04 1.082647e+03 1.082447e+03
2.712898e-04 1.102013e+03 1.101805e+03
2.763385e-04 1.121722e+03 1.121506e+03
2.814812e-04 1.141781e+03 1.141557e+03
2.867196e-04 1.162196e+03 1.161964e+03
2.920556e-04 1.182973e+03 1.182732e+03
2.974908e-04 1.204118e+03 1.203869e+03
3.030271e-04 1.225638e+03 1.225380e+03
3.086665e-04 1.247539e+03 1.247271e+03
3.144108e-04 1.269827e+03 1.269550e+03
3.202621e-04 1.292510e+03 1.292223e+03
3.262222e-04 1.315594e+03 1.315297e+03
3.322933e-04 1.339087e+03 1.338778e+03
3.384773e-04 1.362994e+03 1.362674e+03
3.447764e-04 1.387323e+03 1.386992e+03
3.511928e-04 1.412082e+03 1.411739e+03
3.577285e-04 1.437278e+03 1.436922e+03
3.643859e-04 1.462917e+03 1.462548e+03
3.711672e-04 1.489008e+03 1.488626e+03
3.780747e-04 1.515559e+03 1.515162e+03
3.851107e-04 1.542576e+03 1.542165e+03
3.922777e-04 1.570069e+03 1.569643e+03
3.995780e-04 1.598044e+03 1.597602e+03
4.070142e-04 1.626511e+03 1.626053e+03
4.145888e-04 1.655477e+03 1.655002e+03
4.223044e-04 1.684951e+03 1.684458e+03
4.301636e-04 1.714941e+03 1.714430e+03
4.381690e-04 1.745456e+03 1.744927e+03
4.463234e-04 1.776505e+03 1.775956e+03
4.546295e-04 1.808096e+03 1.807527e+03
4.630903e-04 1.840239e+03 1.839649e+03
4.717085e-04 1.872942e+03 1.872331e+03
4.804870e-04 1.906215e+03 1.905581e+03
4.894290e-04 1.940068e+03 1.939411e+03
4.985373e-04 1.974509e+03 1.973828e+03
5.078152e-04 2.009548e+03 2.008842e+03
5.172657e-04 2.045196e+03 2.044464e+03
5.268921e-04 2.081462e+03 2.080704e+03
5.366977e-04 2.118357e+03 2.117570e+03
5.466857e-04 2.155889e+03 2.155074e+03
5.568596e-04 2.194071e+03 2.193226e+03
5.672229e-04 2.232911e+03 2.232035e+03
5.777790e-04 2.272421e+03 2.271513e+03
5.885316e-04 2.312612e+03 2.311671e+03
5.994843e-04 2.353493e+03 2.352518e+03
6.106408e-04 2.395077e+03 2.394066e+03
6.220049e-04 2.437375e+03 2.436326e+03
6.335805e-04 2.480397e+03 2.479310e+03
6.453715e-04 2.524155e+03 2.523028e+03
6.573820e-04 2.568660e+03 2.567493e+03
6.696160e-04 2.613925e+03 2.612716e+03
6.820777e-04 2.659962e+03 2.658708e+03
6.947713e-04 2.706781e+03 2.705482e+03
7.077011e-04 2.754396e+03 2.753049e+03
7.208715e-04 2.802818e+03 2.801422e+03
7.342870e-04 2.852060e+03 2.850613e+03
7.479523e-04 2.902134e+03 2.900634e+03
7.618718e-04 2.953053e+03 2.951498e+03
7.760503e-04 3.004829e+03 3.003218e+03
7.904928e-04 3.057476e+03 3.055806e+03
8.052040e-04 3.111006e+03 3.109275e+03
8.201889e-04 3.165433e+03 3.163640e+03
8.354528e-04 3.220771e+03 3.218912e+03
8.510007e-04 3.277031e+03 3.275105e+03
8.668380e-04 3.334229e+03 3.332233e+03
8.829700e-04 3.392378e+03 3.390309e+03
8.994022e-04 3.451490e+03 3.449346e+03
9.161402e-04 3.511581e+03 3.509360e+03
9.331898e-04 3.572664e+03 3.570362e+03
9.505566e-04 3.634754e+03 3.632368e+03
9.682466e-04 3.697863e+03 3.695391e+03
9.862658e-04 3.762007e+03 3.759446e+03
1.004620e-03 3.827201e+03 3.824546e+03
1.023317e-03 3.893458e+03 3.890708e+03
1.042361e-03 3.960794e+03 3.957944e+03
1.061759e-03 4.029224e+03 4.026271e+03
1.081519e-03 4.098761e+03 4.095701e+03
1.101646e-03 4.169421e+03 4.166251e+03
1.122148e-03 4.241218e+03 4.237933e+03
1.143031e-03 4.314167e+03 4.310763e+03
1.164303e-03 4.388281e+03 4.384755e+03
1.185971e-03 4.463577e+03 4.459924e+03
1.208042e-03 4.540068e+03 4.536284e+03
1.230524e-03 4.617770e+03 4.613850e+03
1.253424e-03 4.696698e+03 4.692636e+03
1.276751e-03 4.776866e+03 4.772658e+03
1.300511e-03 4.858289e+03 4.853930e+03
1.324714e-03 4.940983e+03 4.936468e+03
1.349367e-03 5.024963e+03 5.020286e+03
1.374479e-03 5.110242e+03 5.105398e+03
1.400058e-03 5.196837e+03 5.191819e+03
1.426114e-03 5.284761e+03 5.279564e+03
1.452654e-03 5.374030e+03 5.368646e+03
1.479688e-03 5.464657e+03 5.459081e+03
1.507225e-03 5.556658e+03 5.550884e+03
1.535275e-03 5.650048e+03 5.644067e+03
1.563847e-03 5.744840e+03 5.738646e+03
1.592950e-03 5.841049e+03 5.834635e+03
1.622595e-03 5.938690e+03 5.932048e+03
1.652792e-03 6.037778e+03 6.030899e+03
1.683551e-03 6.138325e+03 6.131203e+03
1.714882e-03 6.240347e+03 6.232972e+03
1.746796e-03 6.343855e+03 6.336219e+03
1.779304e-03 6.448863e+03 6.440956e+03
1.812418e-03 6.555383e+03 6.547197e+03
1.846147e-03 6.663428e+03 6.654952e+03
1.880504e-03 6.773009e+03 6.764234e+03
1.915501e-03 6.884139e+03 6.875055e+03
1.951148e-03 6.996828e+03 6.987425e+03
1.987460e-03 7.111090e+03 7.101355e+03
2.024447e-03 7.226934e+03 7.216857e+03
2.062122e-03 7.344371e+03 7.333941e+03
2.100498e-03 7.463413e+03 7.452618e+03
2.139589e-03 7.584069e+03 7.572896e+03
2.179407e-03 7.706347e+03 7.694784e+03
2.219966e-03 7.830257e+03 7.818290e+03
2.261280e-03 7.955806e+03 7.943421e+03
2.303363e-03 8.083001e+03 8.070186e+03
2.346229e-03 8.211849e+03 8.198589e+03
2.389893e-03 8.342358e+03 8.328637e+03
2.434369e-03 8.474532e+03 8.460335e+03
2.479673e-03 8.608377e+03 8.593689e+03
2.525820e-03 8.743898e+03 8.728702e+03
2.572826e-03 8.881099e+03 8.865380e+03
2.620707e-03 9.019985e+03 9.003723e+03
2.669478e-03 9.160557e+03 9.143737e+03
2.719158e-03 9.302818e+03 9.285420e+03
2.769762e-03 9.446767e+03 9.428773e+03
2.821308e-03 9.592404e+03 9.573794e+03
2.873813e-03 9.739726e+03 9.720482e+03
2.927295e-03 9.888733e+03 9.868832e+03
2.981772e-03 1.003942e+04 1.001884e+04
3.037264e-03 1.019178e+04 1.017051e+04
3.093788e-03 1.034582e+04 1.032382e+04
3.151363e-03 1.050152e+04 1.047877e+04
3.210011e-03 1.065887e+04 1.063536e+04
3.269750e-03 1.081788e+04 1.079358e+04
3.330600e-03 1.097853e+04 1.095341e+04
3.392583e-03 1.114081e+04 1.111485e+04
3.455720e-03 1.130471e+04 1.127788e+04
3.520031e-03 1.147021e+04 1.144249e+04
3.585540e-03 1.163730e+04 1.160865e+04
3.652267e-03 1.180596e+04 1.177636e+04
3.720237e-03 1.197617e+04 1.194558e+04
3.789471e-03 1.214791e+04 1.211631e+04
3.859994e-03 1.232116e+04 1.228852e+04
3.931829e-03 1.249589e+04 1.246218e+04
4.005001e-03 1.267209e+04 1.263727e+04
4.079535e-03 1.284973e+04 1.281377e+04
4.155455e-03 1.302877e+04 1.299164e+04
4.232789e-03 1.320920e+04 1.317086e+04
4.311562e-03 1.339098e+04 1.335139e+04
4.391801e-03 1.357407e+04 1.353320e+04
4.473533e-03 1.375843e+04 1.371625e+04
4.556786e-03 1.394404e+04 1.390050e+04
4.641589e-03 1.413084e+04 1.408591e+04
4.727970e-03 1.431880e+04 1.427243e+04
4.815958e-03 1.450787e+04 1.446002e+04
4.905584e-03 1.469801e+04 1.464863e+04
4.996877e-03 1.488916e+04 1.483822e+04
5.089870e-03 1.508128e+04 1.502873e+04
5.184594e-03 1.527431e+04 1.522012e+04
5.281080e-03 1.546821e+04 1.541231e+04
5.379362e-03 1.566291e+04 1.560527e+04
5.479472e-03 1.585835e+04 1.579892e+04
5.581446e-03 1.605447e+04 1.599320e+04
5.685318e-03 1.625120e+04 1.618804e+04
5.791123e-03 1.644846e+04 1.638336e+04
5.898896e-03 1.664619e+04 1.657910e+04
6.008676e-03 1.684432e+04 1.677518e+04
6.120498e-03 1.704276e+04 1.697152e+04
6.234402e-03 1.724143e+04 1.716804e+04
6.350425e-03 1.744026e+04 1.736467e+04
6.468608e-03 1.763916e+04 1.756131e+04
6.588990e-03 1.783805e+04 1.775788e+04
6.711612e-03 1.803684e+04 1.795428e+04
6.836516e-03 1.823542e+04 1.815043e+04
6.963745e-03 1.843370e+04 1.834622e+04
7.093341e-03 1.863157e+04 1.854153e+04
7.225349e-03 1.882892e+04 1.873627e+04
7.359814e-03 1.902563e+04 1.893030e+04
7.496782e-03 1.922160e+04 1.912353e+04
7.636298e-03 1.941670e+04 1.931582e+04
7.778411e-03 1.961081e+04 1.950707e+04
7.923169e-03 1.980381e+04 1.969715e+04
8.070620e-03 1.999559e+04 1.988593e+04
8.220816e-03 2.018600e+04 2.007329e+04
8.373807e-03 2.037493e+04 2.025909e+04
8.529644e-03 2.056223e+04 2.044321e+04
8.688383e-03 2.074777e+04 2.062550e+04
8.850075e-03 2.093138e+04 2.080579e+04
9.014776e-03 2.111291e+04 2.098394e+04
9.182543e-03 2.129220e+04 2.115978e+04
9.353432e-03 2.146910e+04 2.133317e+04
9.527500e-03 2.164344e+04 2.150394e+04
9.704809e-03 2.181507e+04 2.167192e+04
9.885417e-03 2.198381e+04 2.183696e+04
1.006939e-02 2.214951e+04 2.199888e+04
1.025678e-02 2.231198e+04 2.215753e+04
1.044766e-02 2.247108e+04 2.231273e+04
1.064209e-02 2.262662e+04 2.246432e+04
1.084014e-02 2.277841e+04 2.261210e+04
1.104188e-02 2.292626e+04 2.275588e+04
1.124737e-02 2.306996e+04 2.289545e+04
1.145669e-02 2.320931e+04 2.303062e+04
1.166990e-02 2.334410e+04 2.316117e+04
1.188708e-02 2.347414e+04 2.328692e+04
1.210830e-02 2.359921e+04 2.340766e+04
1.233363e-02 2.371911e+04 2.352318e+04
1.256317e-02 2.383365e+04 2.363330e+04
1.279697e-02 2.394262e+04 2.373781e+04
1.303512e-02 2.404583e+04 2.383652e+04
1.327771e-02 2.414308e+04 2.392923e+04
1.352481e-02 2.423415e+04 2.401574e+04
1.377651e-02 2.431883e+04 2.409582e+04
1.403289e-02 2.439688e+04 2.416925e+04
1.429405e-02 2.446807e+04 2.423581e+04
1.456006e-02 2.453217e+04 2.429527e+04
1.483103e-02 2.458898e+04 2.434743e+04
1.510703e-02 2.463828e+04 2.439207e+04
1.538818e-02 2.467986e+04 2.442900e+04
1.567455e-02 2.471351e+04 2.445801e+04
1.596626e-02 2.473904e+04 2.447891e+04
1.626340e-02 2.475627e+04 2.449153e+04
1.656606e-02 2.476501e+04 2.449569e+04
1.687436e-02 2.476508e+04 2.449122e+04
1.718839e-02 2.475632e+04 2.447796e+04
1.750827e-02 2.473855e+04 2.445573e+04
1.783410e-02 2.471160e+04 2.442438e+04
1.816600e-02 2.467532e+04 2.438377e+04
1.850407e-02 2.462957e+04 2.433376e+04
1.884843e-02 2.457422e+04 2.427424e+04
1.919921e-02 2.450915e+04 2.420509e+04
1.955651e-02 2.443427e+04 2.412623e+04
1.992046e-02 2.434948e+04 2.403757e+04
2.029118e-02 2.425471e+04 2.393904e+04
2.066880e-02 2.414990e+04 2.383060e+04
2.105345e-02 2.403500e+04 2.371221e+04
2.144526e-02 2.391001e+04 2.358387e+04
2.184436e-02 2.377498e+04 2.344564e+04
2.225089e-02 2.362997e+04 2.329760e+04
2.266498e-02 2.347506e+04 2.313983e+04
2.308678e-02 2.331036e+04 2.297246e+04
2.351643e-02 2.313597e+04 2.279559e+04
2.395407e-02 2.295202e+04 2.260936e+04
2.439986e-02 2.275866e+04 2.241392e+04
2.485395e-02 2.255604e+04 2.220945e+04
2.531648e-02 2.234433e+04 2.199611e+04
2.578763e-02 2.212373e+04 2.177410e+04
2.626754e-02 2.189442e+04 2.154363e+04
2.675638e-02 2.165666e+04 2.130495e+04
2.725433e-02 2.141091e+04 2.105852e+04
2.776153e-02 2.115771e+04 2.080490e+04
2.827818e-02 2.089761e+04 2.054464e+04
2.880444e-02 2.063115e+04 2.027828e+04
2.934050e-02 2.035887e+04 2.000635e+04
2.988653e-02 2.008130e+04 1.972940e+04
3.044272e-02 1.979896e+04 1.944793e+04
3.100927e-02 1.951235e+04 1.916246e+04
3.158635e-02 1.922198e+04 1.887349e+04
3.217418e-02 1.892834e+04 1.858149e+04
3.277295e-02 1.863190e+04 1.828695e+04
3.338286e-02 1.833312e+04 1.799033e+04
3.400412e-02 1.803266e+04 1.769226e+04
3.463694e-02 1.773144e+04 1.739366e+04
3.528154e-02 1.743035e+04 1.709540e+04
3.593814e-02 1.713022e+04 1.679831e+04
3.660695e-02 1.683184e+04 1.650316e+04
3.728821e-02 1.653596e+04 1.621068e+04
3.798215e-02 1.624326e+04 1.592154e+04
3.868901e-02 1.595439e+04 1.563638e+04
3.940902e-02 1.566994e+04 1.535577e+04
4.014242e-02 1.539048e+04 1.508027e+04
4.088948e-02 1.511649e+04 1.481035e+04
4.165044e-02 1.484846e+04 1.454649e+04
4.242556e-02 1.458683e+04 1.428910e+04
4.321511e-02 1.433201e+04 1.403858e+04
4.401935e-02 1.408437e+04 1.379529e+04
4.483856e-02 1.384426e+04 1.355957e+04
4.567301e-02 1.361200e+04 1.333171e+04
4.652300e-02 1.338787e+04 1.311199e+04
4.738880e-02 1.317213e+04 1.290066e+04
4.827071e-02 1.296503e+04 1.269794e+04
4.916904e-02 1.276656e+04 1.250384e+04
5.008408e-02 1.257643e+04 1.231805e+04
5.101615e-02 1.239430e+04 1.214025e+04
5.196557e-02 1.221985e+04 1.197012e+04
5.293266e-02 1.205280e+04 1.180738e+04
5.391775e-02 1.189276e+04 1.165165e+04
5.492116e-02 1.173897e+04 1.150218e+04
5.594326e-02 1.159061e+04 1.135819e+04
5.698437e-02 1.144691e+04 1.121893e+04
5.804486e-02 1.130704e+04 1.108361e+04
5.912508e-02 1.116991e+04 1.095115e+04
6.022541e-02 1.103439e+04 1.082048e+04
6.134622e-02 1.089940e+04 1.069055e+04
6.248788e-02 1.076375e+04 1.056022e+04
6.365079e-02 1.062622e+04 1.042831e+04
6.483534e-02 1.048565e+04 1.029371e+04
6.604194e-02 1.034088e+04 1.015530e+04
6.727099e-02 1.019077e+04 1.001199e+04
6.852292e-02 1.003428e+04 9.862777e+03
6.979814e-02 9.870498e+03 9.706774e+03
7.109709e-02 9.698591e+03 9.543190e+03
7.242022e-02 9.518040e+03 9.371523e+03
7.376798e-02 9.328565e+03 9.191502e+03
7.514081e-02 9.129999e+03 9.002967e+03
7.653919e-02 8.922309e+03 8.805885e+03
7.796360e-02 8.705730e+03 8.600481e+03
7.941452e-02 8.481223e+03 8.387681e+03
8.089243e-02 8.249932e+03 8.168585e+03
8.239786e-02 8.013126e+03 7.944416e+03
8.393129e-02 7.772145e+03 7.716463e+03
8.549327e-02 7.528742e+03 7.486412e+03
8.708431e-02 7.284800e+03 7.256070e+03
8.870497e-02 7.042378e+03 7.027415e+03
9.035578e-02 6.803526e+03 6.802409e+03
9.203732e-02 6.570317e+03 6.583034e+03
9.375015e-02 6.344717e+03 6.371162e+03
9.549486e-02 6.128630e+03 6.168603e+03
9.727203e-02 5.923754e+03 5.976964e+03
9.908228e-02 5.731412e+03 5.797489e+03
1.009262e-01 5.552638e+03 5.631145e+03
1.028045e-01 5.388122e+03 5.478565e+03
1.047177e-01 5.238236e+03 5.340082e+03
1.066665e-01 5.102846e+03 5.215546e+03
1.086516e-01 4.981402e+03 5.104415e+03
1.106736e-01 4.872774e+03 5.005600e+03
1.127333e-01 4.775573e+03 4.917764e+03
1.148312e-01 4.688129e+03 4.839308e+03
1.169683e-01 4.608253e+03 4.768144e+03
1.191451e-01 4.533419e+03 4.701854e+03
1.213624e-01 4.461033e+03 4.637955e+03
1.236210e-01 4.388502e+03 4.573960e+03
1.259216e-01 4.313155e+03 4.507297e+03
1.282650e-01 4.232546e+03 4.435602e+03
1.306520e-01 4.144687e+03 4.356947e+03
1.330835e-01 4.048221e+03 4.270004e+03
1.355602e-01 3.942540e+03 4.174168e+03
1.380830e-01 3.827633e+03 4.069415e+03
1.406527e-01 3.704085e+03 3.956306e+03
1.432703e-01 3.573717e+03 3.836591e+03
1.459366e-01 3.438887e+03 3.712552e+03
1.486525e-01 3.302219e+03 3.586720e+03
1.514189e-01 3.166521e+03 3.461800e+03
1.542369e-01 3.034992e+03 3.340852e+03
1.571072e-01 2.910403e+03 3.226518e+03
1.600310e-01 2.795020e+03 3.120938e+03
1.630092e-01 2.690480e+03 3.025639e+03
1.660429e-01 2.597848e+03 2.941607e+03
1.691330e-01 2.517171e+03 2.868854e+03
1.722805e-01 2.447809e+03 2.806752e+03
1.754867e-01 2.388038e+03 2.753657e+03
1.787526e-01 2.335720e+03 2.707533e+03
1.820792e-01 2.288248e+03 2.665909e+03
1.854677e-01 2.242825e+03 2.626127e+03
1.889193e-01 2.196535e+03 2.585407e+03
1.924351e-01 2.146654e+03 2.541153e+03
1.960163e-01 2.090945e+03 2.491217e+03
1.996642e-01 2.028586e+03 2.434820e+03
2.033800e-01 1.959779e+03 2.372160e+03
2.071650e-01 1.886062e+03 2.304732e+03
2.110203e-01 1.809626e+03 2.234636e+03
2.149475e-01 1.733181e+03 2.164477e+03
2.189477e-01 1.659300e+03 2.096685e+03
2.230223e-01 1.590248e+03 2.033399e+03
2.271728e-01 1.527644e+03 1.976103e+03
2.314005e-01 1.472473e+03 1.925696e+03
2.357069e-01 1.424651e+03 1.882059e+03
2.400935e-01 1.383360e+03 1.844403e+03
2.445617e-01 1.346797e+03 1.811033e+03
2.491130e-01 1.312773e+03 1.779900e+03
2.537490e-01 1.278837e+03 1.748717e+03
2.584714e-01 1.243163e+03 1.715793e+03
2.632815e-01 1.204542e+03 1.680012e+03
2.681813e-01 1.162791e+03 1.641230e+03
2.731722e-01 1.118447e+03 1.599971e+03
2.782559e-01 1.073046e+03 1.557683e+03
2.834343e-01 1.028381e+03 1.516034e+03
2.887091e-01 9.863775e+02 1.476779e+03
2.940820e-01 9.482323e+02 1.440997e+03
2.995549e-01 9.144235e+02 1.409083e+03
3.051297e-01 8.844117e+02 1.380530e+03
3.108082e-01 8.571302e+02 1.354342e+03
3.165924e-01 8.311792e+02 1.329261e+03
3.224842e-01 8.052400e+02 1.304098e+03
3.284857e-01 7.783229e+02 1.277992e+03
3.345989e-01 7.501184e+02 1.250677e+03
3.408259e-01 7.212051e+02 1.222698e+03
3.471687e-01 6.924588e+02 1.194838e+03
3.536296e-01 6.648963e+02 1.167997e+03
3.602107e-01 6.392446e+02 1.142792e+03
3.669142e-01 6.159093e+02 1.119555e+03
3.737426e-01 5.944863e+02 1.097925e+03
3.806980e-01 5.742914e+02 1.077292e+03
3.877828e-01 5.545658e+02 1.057017e+03
3.949995e-01 5.347595e+02 1.036635e+03
4.023506e-01 5.147996e+02 1.016104e+03
4.098384e-01 4.948839e+02 9.955967e+02
4.174655e-01 4.755416e+02 9.755545e+02
4.252346e-01 4.571595e+02 9.562994e+02
4.331483e-01 4.399035e+02 9.379492e+02
4.412093e-01 4.237042e+02 9.204420e+02
4.494203e-01 4.082563e+02 9.035226e+02
4.577841e-01 3.932727e+02 8.869605e+02
4.663035e-01 3.785049e+02 8.705687e+02
4.749815e-01 3.639314e+02 8.543288e+02
4.838210e-01 3.497570e+02 8.384051e+02
4.928250e-01 3.361528e+02 8.229295e+02
5.019965e-01 3.232393e+02 8.079796e+02
5.113388e-01 3.110027e+02 7.935439e+02
5.208549e-01 2.992243e+02 7.794613e+02
5.305481e-01 2.877429e+02 7.656064e+02
5.404216e-01 2.765743e+02 7.519919e+02
5.504790e-01 2.657630e+02 7.386540e+02
5.607235e-01 2.553564e+02 7.256216e+02
5.711586e-01 2.453965e+02 7.129179e+02
5.817880e-01 2.358655e+02 7.005305e+02
5.926152e-01 2.266836e+02 6.884060e+02
6.036439e-01 2.177893e+02 6.764997e+02
6.148778e-01 2.091923e+02 6.648137e+02
6.263207e-01 2.009214e+02 6.533651e+02
6.379767e-01 1.929861e+02 6.421604e+02
6.498495e-01 1.853602e+02 6.311818e+02
6.619433e-01 1.780155e+02 6.204094e+02
6.742622e-01 1.709329e+02 6.098283e+02
6.868104e-01 1.641099e+02 5.994349e+02
6.995920e-01 1.575451e+02 5.892268e+02
7.126115e-01 1.512353e+02 5.792010e+02
7.258734e-01 1.451709e+02 5.693505e+02
7.393820e-01 1.393401e+02 5.596671e+02
7.531420e-01 1.337322e+02 5.501429e+02
7.671581e-01 1.283374e+02 5.407707e+02
7.814351e-01 1.231482e+02 5.315450e+02
7.959777e-01 1.181580e+02 5.224607e+02
8.107910e-01 1.133600e+02 5.135132e+02
8.258799e-01 1.087480e+02 5.046980e+02
8.412497e-01 1.043154e+02 4.960105e+02
8.569055e-01 1.000556e+02 4.874465e+02
8.728527e-01 9.596237e+01 4.790017e+02
8.890966e-01 9.202943e+01 4.706719e+02
9.056428e-01 8.825086e+01 4.624535e+02
9.224970e-01 8.462091e+01 4.543427e+02
9.396648e-01 8.113405e+01 4.463362e+02
9.571522e-01 7.778495e+01 4.384308e+02
9.749649e-01 7.456844e+01 4.306237e+02
9.931092e-01 7.147958e+01 4.229121e+02
1.011591e+00 6.851355e+01 4.152934e+02
1.030417e+00 6.566574e+01 4.077652e+02
1.049593e+00 6.293167e+01 4.003252e+02
1.069126e+00 6.030703e+01 3.929711e+02
1.089023e+00 5.778767e+01 3.857011e+02
1.109290e+00 5.536958e+01 3.785134e+02
1.129934e+00 5.304889e+01 3.714064e+02
1.150962e+00 5.082189e+01 3.643789e+02
1.172382e+00 4.868498e+01 3.574294e+02
1.194200e+00 4.663469e+01 3.505568e+02
1.216424e+00 4.466769e+01 3.437599e+02
1.239062e+00 4.278076e+01 3.370378e+02
1.262121e+00 4.097078e+01 3.303896e+02
1.285610e+00 3.923478e+01 3.238143e+02
1.309535e+00 3.756987e+01 3.173112e+02
1.333906e+00 3.597326e+01 3.108797e+02
1.358730e+00 3.444229e+01 3.045192e+02
1.384016e+00 3.297437e+01 2.982298e+02
1.409773e+00 3.156701e+01 2.920113e+02
1.436009e+00 3.021781e+01 2.858637e+02
1.462733e+00 2.892448e+01 2.797870e+02
1.489955e+00 2.768480e+01 2.737811e+02
1.517683e+00 2.649663e+01 2.678463e+02
1.545928e+00 2.535792e+01 2.619824e+02
1.574698e+00 2.426668e+01 2.561895e+02
1.604003e+00 2.322102e+01 2.504678e+02
1.633854e+00 2.221911e+01 2.448173e+02
1.664260e+00 2.125919e+01 2.392382e+02
1.695232e+00 2.033955e+01 2.337306e+02
1.726781e+00 1.945858e+01 2.282951e+02
1.758917e+00 1.861470e+01 2.229325e+02
1.791650e+00 1.780641e+01 2.176434e+02
1.824993e+00 1.703225e+01 2.124283e+02
1.858957e+00 1.629083e+01 2.072878e+02
1.893552e+00 1.558081e+01 2.022224e+02
1.928792e+00 1.490091e+01 1.972324e+02
1.964687e+00 1.424989e+01 1.923182e+02
2.001250e+00 1.362656e+01 1.874802e+02
2.038493e+00 1.302979e+01 1.827186e+02
2.076430e+00 1.245848e+01 1.780337e+02
2.115073e+00 1.191157e+01 1.734256e+02
2.154435e+00 1.138806e+01 1.688947e+02
2.194529e+00 1.088699e+01 1.644414e+02
2.235370e+00 1.040741e+01 1.600661e+02
2.276970e+00 9.948450e+00 1.557692e+02
2.319345e+00 9.509239e+00 1.515508e+02
2.362508e+00 9.088958e+00 1.474111e+02
2.406475e+00 8.686817e+00 1.433502e+02
2.451260e+00 8.302058e+00 1.393679e+02
2.496878e+00 7.933951e+00 1.354643e+02
2.543346e+00 7.581800e+00 1.316391e+02
2.590678e+00 7.244932e+00 1.278922e+02
2.638891e+00 6.922705e+00 1.242232e+02
2.688001e+00 6.614499e+00 1.206317e+02
2.738025e+00 6.319722e+00 1.171175e+02
2.788980e+00 6.037801e+00 1.136802e+02
2.840884e+00 5.768190e+00 1.103193e+02
2.893753e+00 5.510365e+00 1.070344e+02
2.947606e+00 5.263823e+00 1.038248e+02
3.002462e+00 5.028081e+00 1.006901e+02
3.058338e+00 4.802679e+00 9.762939e+01
3.115254e+00 4.587173e+00 9.464208e+01
3.173230e+00 4.381139e+00 9.172736e+01
3.232284e+00 4.184170e+00 8.888442e+01
3.292437e+00 3.995878e+00 8.611240e+01
3.353710e+00 3.815888e+00 8.341042e+01
3.416123e+00 3.643844e+00 8.077753e+01
3.479698e+00 3.479404e+00 7.821280e+01
3.544456e+00 3.322240e+00 7.571524e+01
3.610419e+00 3.172040e+00 7.328383e+01
3.677609e+00 3.028501e+00 7.091755e+01
3.746050e+00 2.891336e+00 6.861534e+01
3.815765e+00 2.760268e+00 6.637612e+01
3.886777e+00 2.635034e+00 6.419879e+01
3.959110e+00 2.515380e+00 6.208226e+01
4.032790e+00 2.401063e+00 6.002540e+01
4.107841e+00 2.291850e+00 5.802708e+01
4.184289e+00 2.187519e+00 5.608616e+01
4.262159e+00 2.087857e+00 5.420149e+01
4.341478e+00 1.992658e+00 5.237193e+01
4.422274e+00 1.901727e+00 5.059630e+01
4.504573e+00 1.814876e+00 4.887344e+01
4.588404e+00 1.731926e+00 4.720221e+01
4.673795e+00 1.652704e+00 4.558145e+01
4.760775e+00 1.577046e+00 4.401000e+01
4.849374e+00 1.504794e+00 4.248672e+01
4.939622e+00 1.435799e+00 4.101048e+01
5.031549e+00 1.369917e+00 3.958015e+01
5.125187e+00 1.307008e+00 3.819462e+01
5.220568e+00 1.246942e+00 3.685277e+01
5.317723e+00 1.189592e+00 3.555351e+01
5.416687e+00 1.134839e+00 3.429574e+01
5.517492e+00 1.082566e+00 3.307839e+01
5.620174e+00 1.032664e+00 3.190039e+01
5.724766e+00 9.850266e-01 3.076069e+01
5.831305e+00 9.395538e-01 2.965826e+01
5.939827e+00 8.961488e-01 2.859207e+01
6.050368e+00 8.547195e-01 2.756112e+01
6.162966e+00 8.151776e-01 2.656443e+01
6.277660e+00 7.774386e-01 2.560104e+01
6.394488e+00 7.414219e-01 2.466999e+01
6.513491e+00 7.070502e-01 2.377037e+01
6.634708e+00 6.742499e-01 2.290124e+01
6.758181e+00 6.429502e-01 2.206173e+01
6.883952e+00 6.130837e-01 2.125094e+01
7.012064e+00 5.845857e-01 2.046801e+01
7.142559e+00 5.573945e-01 1.971211e+01
7.275484e+00 5.314510e-01 1.898239e+01
7.410882e+00 5.066989e-01 1.827807e+01
7.548799e+00 4.830842e-01 1.759835e+01
7.689284e+00 4.605556e-01 1.694246e+01
7.832383e+00 4.390637e-01 1.630965e+01
7.978145e+00 4.185616e-01 1.569921e+01
8.126619e+00 3.990044e-01 1.511041e+01
8.277857e+00 3.803492e-01 1.454256e+01
8.431909e+00 3.625549e-01 1.399499e+01
8.588829e+00 3.455824e-01 1.346704e+01
8.748668e+00 3.293945e-01 1.295807e+01
8.911482e+00 3.139552e-01 1.246744e+01
9.077327e+00 2.992306e-01 1.199455e+01
9.246257e+00 2.851880e-01 1.153881e+01
9.418332e+00 2.717964e-01 1.109965e+01
9.593608e+00 2.590259e-01 1.067650e+01
9.772147e+00 2.468482e-01 1.026883e+01
9.954008e+00 2.352362e-01 9.876108e+00
1.013925e+01 2.241640e-01 9.497828e+00
1.032795e+01 2.136068e-01 9.133495e+00
1.052015e+01 2.035410e-01 8.782628e+00
1.071593e+01 1.939440e-01 8.444762e+00
1.091536e+01 1.847944e-01 8.119445e+00
1.111850e+01 1.760715e-01 7.806236e+00
1.132541e+01 1.677557e-01 7.504711e+00
1.153618e+01 1.598283e-01 7.214459e+00
1.175087e+01 1.522713e-01 6.935080e+00
1.196956e+01 1.450676e-01 6.666188e+00
1.219231e+01 1.382010e-01 6.407412e+00
1.241921e+01 1.316559e-01 6.158389e+00
1.265034e+01 1.254174e-01 5.918771e+00
1.288576e+01 1.194714e-01 5.688219e+00
1.312557e+01 1.138042e-01 5.466408e+00
1.336984e+01 1.084030e-01 5.253021e+00
1.361865e+01 1.032555e-01 5.047753e+00
1.387210e+01 9.834982e-02 4.850307e+00
1.413026e+01 9.367480e-02 4.660398e+00
1.439323e+01 8.921971e-02 4.477748e+00
1.466109e+01 8.497433e-02 4.302091e+00
1.493393e+01 8.092889e-02 4.133171e+00
1.521186e+01 7.707409e-02 3.970737e+00
1.549495e+01 7.340105e-02 3.814550e+00
1.578331e+01 6.990129e-02 3.664379e+00
1.607704e+01 6.656674e-02 3.520000e+00
1.637624e+01 6.338968e-02 3.381198e+00
1.668101e+01 6.036276e-02 3.247763e+00
1.699144e+01 5.747896e-02 3.119496e+00
1.730766e+01 5.473159e-02 2.996203e+00
1.762975e+01 5.211427e-02 2.877696e+00
1.795785e+01 4.962091e-02 2.763794e+00
1.829205e+01 4.724570e-02 2.654324e+00
1.863246e+01 4.498310e-02 2.549117e+00
1.897922e+01 4.282784e-02 2.448014e+00
1.933242e+01 4.077487e-02 2.350857e+00
1.969220e+01 3.881939e-02 2.257496e+00
2.005868e+01 3.695683e-02 2.167788e+00
2.043197e+01 3.518281e-02 2.081592e+00
2.081222e+01 3.349316e-02 1.998775e+00
2.119953e+01 3.188392e-02 1.919207e+00
2.159406e+01 3.035130e-02 1.842765e+00
2.199593e+01 2.889169e-02 1.769327e+00
2.240528e+01 2.750163e-02 1.698778e+00
2.282224e+01 2.617785e-02 1.631006e+00
2.324697e+01 2.491722e-02 1.565905e+00
2.367960e+01 2.371675e-02 1.503372e+00
2.412028e+01 2.257359e-02 1.443306e+00
2.456916e+01 2.148505e-02 1.385613e+00
2.502640e+01 2.044852e-02 1.330200e+00
2.549215e+01 1.946156e-02 1.276980e+00
2.596656e+01 1.852181e-02 1.225866e+00
2.644980e+01 1.762703e-02 1.176777e+00
2.694204e+01 1.677510e-02 1.129635e+00
2.744343e+01 1.596397e-02 1.084363e+00
2.795416e+01 1.519173e-02 1.040887e+00
2.847439e+01 1.445651e-02 9.991388e-01
2.900430e+01 1.375656e-02 9.590495e-01
2.954408e+01 1.309020e-02 9.205545e-01
3.009390e+01 1.245584e-02 8.835912e-01
3.065395e+01 1.185196e-02 8.480995e-01
3.122443e+01 1.127710e-02 8.140217e-01
3.180552e+01 1.072988e-02 7.813022e-01
3.239743e+01 1.020899e-02 7.498875e-01
3.300035e+01 9.713170e-03 7.197263e-01
3.361449e+01 9.241224e-03 6.907693e-01
3.424006e+01 8.792014e-03 6.629689e-01
3.487727e+01 8.364453e-03 6.362794e-01
3.552635e+01 7.957506e-03 6.106569e-01
3.618750e+01 7.570188e-03 5.860592e-01
3.686095e+01 7.201560e-03 5.624458e-01
3.754694e+01 6.850728e-03 5.397777e-01
3.824570e+01 6.516839e-03 5.180174e-01
3.895746e+01 6.199082e-03 4.971290e-01
3.968246e+01 5.896685e-03 4.770778e-01
4.042096e+01 5.608911e-03 4.578307e-01
4.117320e+01 5.335058e-03 4.393556e-01
4.193944e+01 5.074460e-03 4.216220e-01
4.271994e+01 4.826480e-03 4.046003e-01
4.351497e+01 4.590511e-03 3.882622e-01
4.432479e+01 4.365977e-03 3.725804e-01
4.514968e+01 4.152328e-03 3.575288e-01
4.598992e+01 3.949040e-03 3.430823e-01
4.684580e+01 3.755615e-03 3.292168e-01
4.771761e+01 3.571578e-03 3.159089e-01
4.860564e+01 3.396477e-03 3.031366e-01
4.951020e+01 3.229882e-03 2.908783e-01
5.043159e+01 3.071382e-03 2.791136e-01
5.137014e+01 2.920589e-03 2.678227e-01
5.232614e+01 2.777130e-03 2.569866e-01
5.329994e+01 2.640651e-03 2.465873e-01
5.429186e+01 2.510816e-03 2.366071e-01
5.530224e+01 2.387304e-03 2.270293e-01
5.633143e+01 2.269809e-03 2.178377e-01
5.737976e+01 2.158040e-03 2.090169e-01
5.844761e+01 2.051721e-03 2.005520e-01
5.953533e+01 1.950589e-03 1.924287e-01
6.064329e+01 1.854391e-03 1.846334e-01
6.177188e+01 1.762890e-03 1.771527e-01
6.292146e+01 1.675858e-03 1.699742e-01
6.409244e+01 1.593079e-03 1.630856e-01
6.528521e+01 1.514347e-03 1.564754e-01
6.650018e+01 1.439465e-03 1.501323e-01
6.773776e+01 1.368247e-03 1.440455e-01
6.899837e+01 1.300515e-03 1.382048e-01
7.028244e+01 1.236099e-03 1.326003e-01
7.159041e+01 1.174839e-03 1.272225e-01
7.292272e+01 1.116580e-03 1.220621e-01
7.427982e+01 1.061177e-03 1.171106e-01
7.566219e+01 1.008491e-03 1.123594e-01
7.707027e+01 9.583897e-04 1.078004e-01
7.850456e+01 9.107474e-04 1.034260e-01
7.996555e+01 8.654444e-04 9.922870e-02
8.145372e+01 8.223668e-04 9.520132e-02
8.296959e+01 7.814063e-04 9.133704e-02
8.451366e+01 7.424597e-04 8.762927e-02
8.608648e+01 7.054290e-04 8.407169e-02
8.768856e+01 6.702205e-04 8.065824e-02
8.932046e+01 6.367453e-04 7.738310e-02
9.098273e+01 6.049189e-04 7.424068e-02
9.267593e+01 5.746608e-04 7.122562e-02
9.440065e+01 5.458943e-04 6.833278e-02
9.615746e+01 5.185467e-04 6.555721e-02
9.794697e+01 4.925486e-04 6.289417e-02
9.976978e+01 4.678341e-04 6.033912e-02
1.016265e+02 4.443405e-04 5.788769e-02
1.035178e+02 4.220082e-04 5.553569e-02
1.054443e+02 4.007802e-04 5.327909e-02
1.074066e+02 3.806027e-04 5.111404e-02
1.094055e+02 3.614240e-04 4.903683e-02
1.114415e+02 3.431952e-04 4.704391e-02
1.135155e+02 3.258694e-04 4.513186e-02
1.156280e+02 3.094026e-04 4.329741e-02
1.177799e+02 2.937524e-04 4.153742e-02
1.199718e+02 2.788789e-04 3.984887e-02
1.222045e+02 2.647438e-04 3.822887e-02
1.244787e+02 2.513110e-04 3.667464e-02
1.267953e+02 2.385459e-04 3.518352e-02
1.291550e+02 2.264158e-04 3.375295e-02
1.315586e+02 2.148895e-04 3.238047e-02
1.340069e+02 2.039374e-04 3.106374e-02
1.365008e+02 1.935311e-04 2.980048e-02
1.390411e+02 1.836439e-04 2.858854e-02
1.416287e+02 1.742500e-04 2.742584e-02
1.442644e+02 1.653252e-04 2.631037e-02
1.469492e+02 1.568464e-04 2.524021e-02
1.496839e+02 1.487916e-04 2.421355e-02
1.524696e+02 1.411399e-04 2.322860e-02
1.553071e+02 1.338715e-04 2.228367e-02
1.581973e+02 1.269674e-04 2.137715e-02
1.611414e+02 1.204097e-04 2.050747e-02
1.641403e+02 1.141814e-04 1.967314e-02
1.671950e+02 1.082661e-04 1.887272e-02
1.703065e+02 1.026485e-04 1.810484e-02
1.734759e+02 9.731372e-05 1.736818e-02
1.767044e+02 9.224776e-05 1.666146e-02
1.799929e+02 8.743729e-05 1.598348e-02
1.833425e+02 8.286965e-05 1.533306e-02
1.867546e+02 7.853279e-05 1.470909e-02
1.902301e+02 7.441529e-05 1.411050e-02
1.937703e+02 7.050626e-05 1.353624e-02
1.973764e+02 6.679537e-05 1.298534e-02
2.010496e+02 6.327279e-05 1.245684e-02
2.047912e+02 5.992920e-05 1.194984e-02
2.086024e+02 5.675572e-05 1.146346e-02
2.124845e+02 5.374390e-05 1.099687e-02
2.164389e+02 5.088571e-05 1.054925e-02
2.204669e+02 4.817350e-05 1.011984e-02
2.245698e+02 4.560001e-05 9.707900e-03
2.287491e+02 4.315833e-05 9.312718e-03
2.330061e+02 4.084190e-05 8.933614e-03
2.373424e+02 3.864448e-05 8.569933e-03
2.417594e+02 3.656014e-05 8.221050e-03
2.462586e+02 3.458325e-05 7.886362e-03
2.508415e+02 3.270843e-05 7.565292e-03
2.555097e+02 3.093060e-05 7.257286e-03
2.602648e+02 2.924492e-05 6.961815e-03
2.651084e+02 2.764677e-05 6.678367e-03
2.700421e+02 2.613177e-05 6.406454e-03
2.750676e+02 2.469578e-05 6.145607e-03
2.801867e+02 2.333482e-05 5.895375e-03
2.854010e+02 2.204514e-05 5.655328e-03
2.907123e+02 2.082316e-05 5.425051e-03
2.961225e+02 1.966547e-05 5.204147e-03
3.016334e+02 1.856884e-05 4.992233e-03
3.072469e+02 1.753019e-05 4.788946e-03
3.129648e+02 1.654659e-05 4.593933e-03
3.187891e+02 1.561525e-05 4.406858e-03
3.247218e+02 1.473354e-05 4.227398e-03
3.307650e+02 1.389892e-05 4.055244e-03
3.369206e+02 1.310901e-05 3.890098e-03
3.431907e+02 1.236155e-05 3.731675e-03
3.495776e+02 1.165439e-05 3.579701e-03
3.560833e+02 1.098549e-05 3.433915e-03
3.627100e+02 1.035290e-05 3.294064e-03
3.694601e+02 9.754765e-06 3.159907e-03
3.763358e+02 9.189323e-06 3.031211e-03
3.833395e+02 8.654891e-06 2.907756e-03
3.904735e+02 8.149868e-06 2.789327e-03
3.977403e+02 7.672732e-06 2.675721e-03
4.051423e+02 7.222034e-06 2.566740e-03
4.126821e+02 6.796394e-06 2.462196e-03
4.203622e+02 6.394502e-06 2.361910e-03
4.281852e+02 6.015122e-06 2.265707e-03
4.361538e+02 5.657097e-06 2.173421e-03
4.442707e+02 5.319326e-06 2.084894e-03
4.525386e+02 5.000753e-06 1.999971e-03
4.609604e+02 4.700372e-06 1.918507e-03
4.695390e+02 4.417222e-06 1.840360e-03
4.782772e+02 4.150388e-06 1.765396e-03
4.871780e+02 3.898994e-06 1.693485e-03
4.962445e+02 3.662209e-06 1.624502e-03
5.054797e+02 3.439241e-06 1.558328e-03
5.148867e+02 3.229334e-06 1.494850e-03
5.244689e+02 3.031772e-06 1.433957e-03
5.342293e+02 2.845874e-06 1.375543e-03
5.441714e+02 2.670999e-06 1.319509e-03
5.542986e+02 2.506541e-06 1.265757e-03
5.646141e+02 2.351921e-06 1.214194e-03
5.751217e+02 2.206590e-06 1.164732e-03
5.858248e+02 2.070025e-06 1.117284e-03
5.967271e+02 1.941729e-06 1.071768e-03
6.078323e+02 1.821229e-06 1.028107e-03
6.191442e+02 1.708077e-06 9.862235e-04
6.306666e+02 1.601849e-06 9.460463e-04
6.424034e+02 1.502140e-06 9.075056e-04
6.543586e+02 1.408570e-06 8.705348e-04
6.665363e+02 1.320778e-06 8.350699e-04
6.789407e+02 1.238427e-06 8.010496e-04
6.915759e+02 1.161213e-06 7.684151e-04
7.044462e+02 1.088843e-06 7.371100e-04
7.175561e+02 1.021037e-06 7.070800e-04
7.309099e+02 9.575298e-07 6.782733e-04
7.445123e+02 8.980669e-07 6.506400e-04
7.583678e+02 8.424072e-07 6.241323e-04
7.724811e+02 7.903213e-07 5.987045e-04
7.868572e+02 7.415917e-07 5.743125e-04
8.015007e+02 6.960120e-07 5.509141e-04
8.164168e+02 6.533874e-07 5.284689e-04
8.316104e+02 6.135332e-07 5.069380e-04
8.470868e+02 5.762727e-07 4.862842e-04
8.628513e+02 5.414226e-07 4.664718e-04
8.789091e+02 5.088069e-07 4.474665e-04
8.952657e+02 4.782639e-07 4.292355e-04
9.119268e+02 4.496454e-07 4.117472e-04
9.288979e+02 4.228151e-07 3.949713e-04
9.461848e+02 3.976477e-07 3.788789e-04
9.637935e+02 3.740279e-07 3.634421e-04
9.817298e+02 3.518494e-07 3.486343e-04
1.000000e+03 3.310144e-07 3.344297e-04
