# k [h/Mpc]  P_lin [(Mpc/h)^3]  P_nonlin [(Mpc/h)^3]
1.000000e-05 6.601151e-03 6.601151e-03
1.018610e-05 6.719649e-03 6.719649e-03
1.037567e-05 6.840274e-03 6.840274e-03
1.056876e-05 6.963064e-03 6.963064e-03
1.076545e-05 7.088059e-03 7.088059e-03
1.096579e-05 7.215298e-03 7.215298e-03
1.116987e-05 7.344820e-03 7.344820e-03
1.137774e-05 7.476668e-03 7.476668e-03
1.158948e-05 7.610882e-03 7.610882e-03
1.180517e-05 7.747506e-03 7.747506e-03
1.202486e-05 7.886582e-03 7.886582e-03
1.224865e-05 8.028155e-03 8.028155e-03
1.247660e-05 8.172269e-03 8.172269e-03
1.270879e-05 8.318970e-03 8.318970e-03
1.294530e-05 8.468305e-03 8.468305e-03
1.318621e-05 8.620320e-03 8.620320e-03
1.343161e-05 8.775065e-03 8.775065e-03
1.368158e-05 8.932587e-03 8.932587e-03
1.393619e-05 9.092937e-03 9.092937e-03
1.419555e-05 9.256165e-03 9.256165e-03
1.445973e-05 9.422323e-03 9.422323e-03
1.472883e-05 9.591464e-03 9.591464e-03
1.500293e-05 9.763642e-03 9.763642e-03
1.528214e-05 9.938910e-03 9.938910e-03
1.556654e-05 1.011732e-02 1.011732e-02
1.585624e-05 1.029894e-02 1.029894e-02
1.615133e-05 1.048382e-02 1.048382e-02
1.645191e-05 1.067201e-02 1.067201e-02
1.675808e-05 1.086359e-02 1.086359e-02
1.706995e-05 1.105860e-02 1.105860e-02
1.738762e-05 1.125712e-02 1.125712e-02
1.771121e-05 1.145919e-02 1.145919e-02
1.804082e-05 1.166490e-02 1.166490e-02
1.837656e-05 1.187430e-02 1.187430e-02
1.871855e-05 1.208745e-02 1.208745e-02
1.906691e-05 1.230443e-02 1.230443e-02
1.942175e-05 1.252531e-02 1.252531e-02
1.978319e-05 1.275015e-02 1.275015e-02
2.015136e-05 1.297903e-02 1.297903e-02
2.052638e-05 1.321202e-02 1.321202e-02
2.090838e-05 1.344919e-02 1.344919e-02
2.129749e-05 1.369062e-02 1.369062e-02
2.169384e-05 1.393638e-02 1.393638e-02
2.209756e-05 1.418655e-02 1.418655e-02
2.250880e-05 1.444121e-02 1.444121e-02
2.292769e-05 1.470045e-02 1.470045e-02
2.335438e-05 1.496434e-02 1.496434e-02
2.378901e-05 1.523296e-02 1.523296e-02
2.423173e-05 1.550641e-02 1.550641e-02
2.468268e-05 1.578477e-02 1.578477e-02
2.514203e-05 1.606812e-02 1.606812e-02
2.560993e-05 1.635656e-02 1.635656e-02
2.608654e-05 1.665017e-02 1.665017e-02
2.657201e-05 1.694906e-02 1.694906e-02
2.706652e-05 1.725331e-02 1.725331e-02
2.757023e-05 1.756303e-02 1.756303e-02
2.808332e-05 1.787830e-02 1.787830e-02
2.860596e-05 1.819923e-02 1.819923e-02
2.913832e-05 1.852593e-02 1.852593e-02
2.968059e-05 1.885849e-02 1.885849e-02
3.023295e-05 1.919701e-02 1.919701e-02
3.079559e-05 1.954162e-02 1.954162e-02
3.136870e-05 1.989241e-02 1.989241e-02
3.195248e-05 2.024950e-02 2.024950e-02
3.254712e-05 2.061299e-02 2.061299e-02
3.315282e-05 2.098302e-02 2.098302e-02
3.376980e-05 2.135968e-02 2.135968e-02
3.439826e-05 2.174311e-02 2.174311e-02
3.503842e-05 2.213342e-02 2.213342e-02
3.569049e-05 2.253073e-02 2.253073e-02
3.635470e-05 2.293518e-02 2.293518e-02
3.703127e-05 2.334688e-02 2.334688e-02
3.772042e-05 2.376598e-02 2.376598e-02
3.842241e-05 2.419260e-02 2.419260e-02
3.913746e-05 2.462688e-02 2.462688e-02
3.986581e-05 2.506895e-02 2.506895e-02
4.060772e-05 2.551896e-02 2.551896e-02
4.136344e-05 2.597705e-02 2.597705e-02
4.213322e-05 2.644336e-02 2.644336e-02
4.291732e-05 2.691804e-02 2.691804e-02
4.371602e-05 2.740124e-02 2.740124e-02
4.452959e-05 2.789311e-02 2.789311e-02
4.535829e-05 2.839381e-02 2.839381e-02
4.620241e-05 2.890350e-02 2.890350e-02
4.706225e-05 2.942234e-02 2.942234e-02
4.793808e-05 2.995049e-02 2.995049e-02
4.883022e-05 3.048813e-02 3.048813e-02
4.973896e-05 3.103541e-02 3.103541e-02
5.066461e-05 3.159252e-02 3.159252e-02
5.160749e-05 3.215962e-02 3.215962e-02
5.256791e-05 3.273691e-02 3.273691e-02
5.354621e-05 3.332456e-02 3.332456e-02
5.454271e-05 3.392275e-02 3.392275e-02
5.555776e-05 3.453168e-02 3.453168e-02
5.659170e-05 3.515155e-02 3.515155e-02
5.764488e-05 3.578254e-02 3.578254e-02
5.871766e-05 3.642485e-02 3.642485e-02
5.981041e-05 3.707870e-02 3.707870e-02
6.092349e-05 3.774428e-02 3.774428e-02
6.205729e-05 3.842180e-02 3.842180e-02
6.321218e-05 3.911149e-02 3.911149e-02
6.438857e-05 3.981356e-02 3.981356e-02
6.558686e-05 4.052823e-02 4.052823e-02
6.680744e-05 4.125572e-02 4.125572e-02
6.805074e-05 4.199628e-02 4.199628e-02
6.931717e-05 4.275012e-02 4.275012e-02
7.060718e-05 4.351750e-02 4.351750e-02
7.192119e-05 4.429864e-02 4.429864e-02
7.325965e-05 4.509381e-02 4.509381e-02
7.462303e-05 4.590325e-02 4.590325e-02
7.601178e-05 4.672722e-02 4.672722e-02
7.742637e-05 4.756598e-02 4.756598e-02
7.886729e-05 4.841979e-02 4.841979e-02
8.033502e-05 4.928892e-02 4.928892e-02
8.183007e-05 5.017366e-02 5.017366e-02
8.335294e-05 5.107427e-02 5.107427e-02
8.490415e-05 5.199105e-02 5.199105e-02
8.648423e-05 5.292427e-02 5.292427e-02
8.809372e-05 5.387425e-02 5.387425e-02
8.973316e-05 5.484128e-02 5.484128e-02
9.140311e-05 5.582566e-02 5.582566e-02
9.310413e-05 5.682771e-02 5.682771e-02
9.483682e-05 5.784774e-02 5.784774e-02
9.660175e-05 5.888608e-02 5.888608e-02
9.839952e-05 5.994305e-02 5.994305e-02
1.002308e-04 6.101899e-02 6.101899e-02
1.020961e-04 6.211424e-02 6.211424e-02
1.039961e-04 6.322914e-02 6.322914e-02
1.059315e-04 6.436405e-02 6.436405e-02
1.079029e-04 6.551933e-02 6.551933e-02
1.099110e-04 6.669533e-02 6.669533e-02
1.119564e-04 6.789244e-02 6.789244e-02
1.140400e-04 6.911103e-02 6.911103e-02
1.161623e-04 7.035149e-02 7.035149e-02
1.183241e-04 7.161421e-02 7.161421e-02
1.205261e-04 7.289958e-02 7.289958e-02
1.227691e-04 7.420802e-02 7.420802e-02
1.250539e-04 7.553993e-02 7.553993e-02
1.273811e-04 7.689574e-02 7.689574e-02
1.297517e-04 7.827588e-02 7.827588e-02
1.321664e-04 7.968078e-02 7.968078e-02
1.346261e-04 8.111089e-02 8.111089e-02
1.371315e-04 8.256665e-02 8.256665e-02
1.396835e-04 8.404853e-02 8.404853e-02
1.422830e-04 8.555700e-02 8.555700e-02
1.449310e-04 8.709253e-02 8.709253e-02
1.476281e-04 8.865560e-02 8.865560e-02
1.503755e-04 9.024672e-02 9.024672e-02
1.531740e-04 9.186638e-02 9.186638e-02
1.560246e-04 9.351509e-02 9.351509e-02
1.589283e-04 9.519338e-02 9.519338e-02
1.618860e-04 9.690177e-02 9.690177e-02
1.648987e-04 9.864080e-02 9.864080e-02
1.679675e-04 1.004110e-01 1.004110e-01
1.710934e-04 1.022130e-01 1.022130e-01
1.742775e-04 1.040473e-01 1.040473e-01
1.775208e-04 1.059145e-01 1.059145e-01
1.808245e-04 1.078152e-01 1.078152e-01
1.841897e-04 1.097499e-01 1.097499e-01
1.876175e-04 1.117194e-01 1.117194e-01
1.911091e-04 1.137242e-01 1.137242e-01
1.946656e-04 1.157649e-01 1.157649e-01
1.982884e-04 1.178422e-01 1.178422e-01
2.019786e-04 1.199567e-01 1.199567e-01
2.057374e-04 1.221092e-01 1.221092e-01
2.095662e-04 1.243003e-01 1.243003e-01
2.134663e-04 1.265306e-01 1.265306e-01
2.174389e-04 1.288009e-01 1.288009e-01
2.214855e-04 1.311119e-01 1.311119e-01
2.256074e-04 1.334644e-01 1.334644e-01
2.298060e-04 1.358590e-01 1.358590e-01
2.340827e-04 1.382965e-01 1.382965e-01
2.384390e-04 1.407777e-01 1.407777e-01
2.428764e-04 1.433033e-01 1.433033e-01
2.473964e-04 1.458743e-01 1.458743e-01
2.520005e-04 1.484912e-01 1.484912e-01
2.566903e-04 1.511551e-01 1.511551e-01
2.614673e-04 1.538667e-01 1.538667e-01
2.663333e-04 1.566269e-01 1.566269e-01
2.712898e-04 1.594365e-01 1.594365e-01
2.763385e-04 1.622964e-01 1.622964e-01
2.814812e-04 1.652075e-01 1.652075e-01
2.867196e-04 1.681708e-01 1.681708e-01
2.920556e-04 1.711872e-01 1.711872e-01
2.974908e-04 1.742575e-01 1.742575e-01
3.030271e-04 1.773828e-01 1.773828e-01
3.086665e-04 1.805641e-01 1.805641e-01
3.144108e-04 1.838023e-01 1.838023e-01
3.202621e-04 1.870984e-01 1.870984e-01
3.262222e-04 1.904535e-01 1.904535e-01
3.322933e-04 1.938687e-01 1.938687e-01
3.384773e-04 1.973450e-01 1.973450e-01
3.447764e-04 2.008834e-01 2.008834e-01
3.511928e-04 2.044852e-01 2.044852e-01
3.577285e-04 2.081513e-01 2.081513e-01
3.643859e-04 2.118830e-01 2.118830e-01
3.711672e-04 2.156815e-01 2.156815e-01
3.780747e-04 2.195478e-01 2.195478e-01
3.851107e-04 2.234832e-01 2.234832e-01
3.922777e-04 2.274889e-01 2.274889e-01
3.995780e-04 2.315662e-01 2.315662e-01
4.070142e-04 2.357164e-01 2.357164e-01
4.145888e-04 2.399407e-01 2.399407e-01
4.223044e-04 2.442404e-01 2.442404e-01
4.301636e-04 2.486168e-01 2.486168e-01
4.381690e-04 2.530714e-01 2.530714e-01
4.463234e-04 2.576055e-01 2.576055e-01
4.546295e-04 2.622205e-01 2.622205e-01
4.630903e-04 2.669178e-01 2.669178e-01
4.717085e-04 2.716989e-01 2.716989e-01
4.804870e-04 2.765652e-01 2.765652e-01
4.894290e-04 2.815182e-01 2.815182e-01
4.985373e-04 2.865595e-01 2.865595e-01
5.078152e-04 2.916906e-01 2.916906e-01
5.172657e-04 2.969131e-01 2.969131e-01
5.268921e-04 3.022286e-01 3.022286e-01
5.366977e-04 3.076387e-01 3.076387e-01
5.466857e-04 3.131451e-01 3.131451e-01
5.568596e-04 3.187494e-01 3.187494e-01
5.672229e-04 3.244533e-01 3.244533e-01
5.777790e-04 3.302587e-01 3.302587e-01
5.885316e-04 3.361672e-01 3.361672e-01
5.994843e-04 3.421806e-01 3.421806e-01
6.106408e-04 3.483008e-01 3.483008e-01
6.220049e-04 3.545295e-01 3.545295e-01
6.335805e-04 3.608688e-01 3.608688e-01
6.453715e-04 3.673205e-01 3.673205e-01
6.573820e-04 3.738866e-01 3.738866e-01
6.696160e-04 3.805689e-01 3.805689e-01
6.820777e-04 3.873696e-01 3.873696e-01
6.947713e-04 3.942907e-01 3.942907e-01
7.077011e-04 4.013341e-01 4.013341e-01
7.208715e-04 4.085021e-01 4.085021e-01
7.342870e-04 4.157967e-01 4.157967e-01
7.479523e-04 4.232200e-01 4.232200e-01
7.618718e-04 4.307744e-01 4.307744e-01
7.760503e-04 4.384619e-01 4.384619e-01
7.904928e-04 4.462849e-01 4.462849e-01
8.052040e-04 4.542456e-01 4.542456e-01
8.201889e-04 4.623464e-01 4.623464e-01
8.354528e-04 4.705896e-01 4.705896e-01
8.510007e-04 4.789777e-01 4.789777e-01
8.668380e-04 4.875131e-01 4.875131e-01
8.829700e-04 4.961982e-01 4.961982e-01
8.994022e-04 5.050355e-01 5.050355e-01
9.161402e-04 5.140275e-01 5.140275e-01
9.331898e-04 5.231767e-01 5.231767e-01
9.505566e-04 5.324859e-01 5.324859e-01
9.682466e-04 5.419575e-01 5.419575e-01
9.862658e-04 5.515944e-01 5.515944e-01
1.004620e-03 5.613991e-01 5.613991e-01
1.023317e-03 5.713745e-01 5.713745e-01
1.042361e-03 5.815233e-01 5.815233e-01
1.061759e-03 5.918484e-01 5.918484e-01
1.081519e-03 6.023526e-01 6.023526e-01
1.101646e-03 6.130386e-01 6.130386e-01
1.122148e-03 6.239094e-01 6.239094e-01
1.143031e-03 6.349679e-01 6.349679e-01
1.164303e-03 6.462169e-01 6.462169e-01
1.185971e-03 6.576595e-01 6.576595e-01
1.208042e-03 6.692986e-01 6.692986e-01
1.230524e-03 6.811372e-01 6.811372e-01
1.253424e-03 6.931784e-01 6.931784e-01
1.276751e-03 7.054254e-01 7.054254e-01
1.300511e-03 7.178812e-01 7.178812e-01
1.324714e-03 7.305490e-01 7.305490e-01
1.349367e-03 7.434321e-01 7.434321e-01
1.374479e-03 7.565335e-01 7.565335e-01
1.400058e-03 7.698565e-01 7.698565e-01
1.426114e-03 7.834043e-01 7.834043e-01
1.452654e-03 7.971801e-01 7.971801e-01
1.479688e-03 8.111872e-01 8.111872e-01
1.507225e-03 8.254288e-01 8.254288e-01
1.535275e-03 8.399084e-01 8.399084e-01
1.563847e-03 8.546293e-01 8.546293e-01
1.592950e-03 8.695948e-01 8.695948e-01
1.622595e-03 8.848084e-01 8.848084e-01
1.652792e-03 9.002735e-01 9.002735e-01
1.683551e-03 9.159936e-01 9.159936e-01
1.714882e-03 9.319719e-01 9.319719e-01
1.746796e-03 9.482118e-01 9.482118e-01
1.779304e-03 9.647164e-01 9.647164e-01
1.812418e-03 9.814890e-01 9.814890e-01
1.846147e-03 9.985328e-01 9.985328e-01
1.880504e-03 1.015851e+00 1.015851e+00
1.915501e-03 1.033447e+00 1.033447e+00
1.951148e-03 1.051324e+00 1.051324e+00
1.987460e-03 1.069485e+00 1.069485e+00
2.024447e-03 1.087934e+00 1.087934e+00
2.062122e-03 1.106673e+00 1.106673e+00
2.100498e-03 1.125707e+00 1.125707e+00
2.139589e-03 1.145037e+00 1.145037e+00
2.179407e-03 1.164667e+00 1.164667e+00
2.219966e-03 1.184599e+00 1.184599e+00
2.261280e-03 1.204837e+00 1.204837e+00
2.303363e-03 1.225383e+00 1.225383e+00
2.346229e-03 1.246239e+00 1.246239e+00
2.389893e-03 1.267408e+00 1.267408e+00
2.434369e-03 1.288892e+00 1.288892e+00
2.479673e-03 1.310694e+00 1.310694e+00
2.525820e-03 1.332817e+00 1.332817e+00
2.572826e-03 1.355261e+00 1.355261e+00
2.620707e-03 1.378031e+00 1.378031e+00
2.669478e-03 1.401127e+00 1.401127e+00
2.719158e-03 1.424551e+00 1.424551e+00
2.769762e-03 1.448306e+00 1.448306e+00
2.821308e-03 1.472390e+00 1.472390e+00
2.873813e-03 1.496806e+00 1.496806e+00
2.927295e-03 1.521555e+00 1.521555e+00
2.981772e-03 1.546637e+00 1.546637e+00
3.037264e-03 1.572052e+00 1.572052e+00
3.093788e-03 1.597801e+00 1.597801e+00
3.151363e-03 1.623884e+00 1.623884e+00
3.210011e-03 1.650301e+00 1.650301e+00
3.269750e-03 1.677051e+00 1.677051e+00
3.330600e-03 1.704135e+00 1.704135e+00
3.392583e-03 1.731552e+00 1.731552e+00
3.455720e-03 1.759299e+00 1.759299e+00
3.520031e-03 1.787375e+00 1.787375e+00
3.585540e-03 1.815777e+00 1.815777e+00
3.652267e-03 1.844502e+00 1.844502e+00
3.720237e-03 1.873549e+00 1.873549e+00
3.789471e-03 1.902913e+00 1.902913e+00
3.859994e-03 1.932591e+00 1.932591e+00
3.931829e-03 1.962579e+00 1.962579e+00
4.005001e-03 1.992872e+00 1.992872e+00
4.079535e-03 2.023467e+00 2.023467e+00
4.155455e-03 2.054359e+00 2.054359e+00
4.232789e-03 2.085541e+00 2.085541e+00
4.311562e-03 2.117008e+00 2.117008e+00
4.391801e-03 2.148753e+00 2.148753e+00
4.473533e-03 2.180768e+00 2.180768e+00
4.556786e-03 2.213046e+00 2.213046e+00
4.641589e-03 2.245577e+00 2.245577e+00
4.727970e-03 2.278353e+00 2.278353e+00
4.815958e-03 2.311364e+00 2.311364e+00
4.905584e-03 2.344602e+00 2.344602e+00
4.996877e-03 2.378055e+00 2.378055e+00
5.089870e-03 2.411712e+00 2.411712e+00
5.184594e-03 2.445563e+00 2.445563e+00
5.281080e-03 2.479595e+00 2.479595e+00
5.379362e-03 2.513796e+00 2.513796e+00
5.479472e-03 2.548154e+00 2.548154e+00
5.581446e-03 2.582653e+00 2.582653e+00
5.685318e-03 2.617281e+00 2.617281e+00
5.791123e-03 2.652021e+00 2.652021e+00
5.898896e-03 2.686859e+00 2.686859e+00
6.008676e-03 2.721778e+00 2.721778e+00
6.120498e-03 2.756762e+00 2.756762e+00
6.234402e-03 2.791795e+00 2.791795e+00
6.350425e-03 2.826858e+00 2.826858e+00
6.468608e-03 2.861934e+00 2.861934e+00
6.588990e-03 2.897004e+00 2.897004e+00
6.711612e-03 2.932048e+00 2.932048e+00
6.836516e-03 2.967048e+00 2.967048e+00
6.963745e-03 3.001984e+00 3.001984e+00
7.093341e-03 3.036837e+00 3.036837e+00
7.225349e-03 3.071586e+00 3.071586e+00
7.359814e-03 3.106210e+00 3.106210e+00
7.496782e-03 3.140689e+00 3.140689e+00
7.636298e-03 3.175000e+00 3.175000e+00
7.778411e-03 3.209121e+00 3.209121e+00
7.923169e-03 3.243031e+00 3.243031e+00
8.070620e-03 3.276706e+00 3.276706e+00
8.220816e-03 3.310123e+00 3.310123e+00
8.373807e-03 3.343259e+00 3.343259e+00
8.529644e-03 3.376089e+00 3.376089e+00
8.688383e-03 3.408590e+00 3.408590e+00
8.850075e-03 3.440737e+00 3.440737e+00
9.014776e-03 3.472504e+00 3.472504e+00
9.182543e-03 3.503866e+00 3.503866e+00
9.353432e-03 3.534799e+00 3.534799e+00
9.527500e-03 3.565277e+00 3.565277e+00
9.704809e-03 3.595273e+00 3.595273e+00
9.885417e-03 3.624761e+00 3.624761e+00
1.006939e-02 3.653717e+00 3.653717e+00
1.025678e-02 3.682113e+00 3.682113e+00
1.044766e-02 3.709923e+00 3.709923e+00
1.064209e-02 3.737120e+00 3.737120e+00
1.084014e-02 3.763673e+00 3.763673e+00
1.104188e-02 3.789550e+00 3.789550e+00
1.124737e-02 3.814716e+00 3.814716e+00
1.145669e-02 3.839138e+00 3.839138e+00
1.166990e-02 3.862782e+00 3.862782e+00
1.188708e-02 3.885615e+00 3.885615e+00
1.210830e-02 3.907603e+00 3.907603e+00
1.233363e-02 3.928714e+00 3.928714e+00
1.256317e-02 3.948913e+00 3.948913e+00
1.279697e-02 3.968169e+00 3.968169e+00
1.303512e-02 3.986448e+00 3.986448e+00
1.327771e-02 4.003719e+00 4.003719e+00
1.352481e-02 4.019946e+00 4.019946e+00
1.377651e-02 4.035092e+00 4.035092e+00
1.403289e-02 4.049117e+00 4.049117e+00
1.429405e-02 4.061981e+00 4.061981e+00
1.456006e-02 4.073649e+00 4.073649e+00
1.483103e-02 4.084081e+00 4.084081e+00
1.510703e-02 4.093243e+00 4.093243e+00
1.538818e-02 4.101098e+00 4.101098e+00
1.567455e-02 4.107612e+00 4.107612e+00
1.596626e-02 4.112752e+00 4.112752e+00
1.626340e-02 4.116486e+00 4.116486e+00
1.656606e-02 4.118783e+00 4.118783e+00
1.687436e-02 4.119613e+00 4.119613e+00
1.718839e-02 4.118948e+00 4.118948e+00
1.750827e-02 4.116758e+00 4.116758e+00
1.783410e-02 4.113015e+00 4.113015e+00
1.816600e-02 4.107696e+00 4.107696e+00
1.850407e-02 4.100775e+00 4.100775e+00
1.884843e-02 4.092232e+00 4.092232e+00
1.919921e-02 4.082048e+00 4.082048e+00
1.955651e-02 4.070205e+00 4.070205e+00
1.992046e-02 4.056689e+00 4.056689e+00
2.029118e-02 4.041488e+00 4.041488e+00
2.066880e-02 4.024592e+00 4.024592e+00
2.105345e-02 4.005994e+00 4.005994e+00
2.144526e-02 3.985694e+00 3.985694e+00
2.184436e-02 3.963699e+00 3.963699e+00
2.225089e-02 3.940020e+00 3.940020e+00
2.266498e-02 3.914672e+00 3.914672e+00
2.308678e-02 3.887670e+00 3.887670e+00
2.351643e-02 3.859033e+00 3.859033e+00
2.395407e-02 3.828783e+00 3.828783e+00
2.439986e-02 3.796943e+00 3.796943e+00
2.485395e-02 3.763541e+00 3.763541e+00
2.531648e-02 3.728604e+00 3.728604e+00
2.578763e-02 3.692165e+00 3.692165e+00
2.626754e-02 3.654256e+00 3.654256e+00
2.675638e-02 3.614920e+00 3.614920e+00
2.725433e-02 3.574233e+00 3.574233e+00
2.776153e-02 3.532287e+00 3.532287e+00
2.827818e-02 3.489173e+00 3.489173e+00
2.880444e-02 3.444982e+00 3.444982e+00
2.934050e-02 3.399804e+00 3.399804e+00
2.988653e-02 3.353728e+00 3.353728e+00
3.044272e-02 3.306839e+00 3.306839e+00
3.100927e-02 3.259225e+00 3.259225e+00
3.158635e-02 3.210969e+00 3.210969e+00
3.217418e-02 3.162153e+00 3.162153e+00
3.277295e-02 3.112856e+00 3.112856e+00
3.338286e-02 3.063157e+00 3.063157e+00
3.400412e-02 3.013165e+00 3.013165e+00
3.463694e-02 2.963033e+00 2.963033e+00
3.528154e-02 2.912908e+00 2.912908e+00
3.593814e-02 2.862931e+00 2.862931e+00
3.660695e-02 2.813233e+00 2.813233e+00
3.728821e-02 2.763937e+00 2.763937e+00
3.798215e-02 2.715160e+00 2.715160e+00
3.868901e-02 2.667008e+00 2.667008e+00
3.940902e-02 2.619581e+00 2.619581e+00
4.014242e-02 2.572972e+00 2.572972e+00
4.088948e-02 2.527265e+00 2.527265e+00
4.165044e-02 2.482538e+00 2.482538e+00
4.242556e-02 2.438869e+00 2.438869e+00
4.321511e-02 2.396326e+00 2.396326e+00
4.401935e-02 2.354976e+00 2.354976e+00
4.483856e-02 2.314879e+00 2.314879e+00
4.567301e-02 2.276089e+00 2.276089e+00
4.652300e-02 2.238655e+00 2.238655e+00
4.738880e-02 2.202623e+00 2.202623e+00
4.827071e-02 2.168034e+00 2.168034e+00
4.916904e-02 2.134891e+00 2.134891e+00
5.008408e-02 2.103137e+00 2.103137e+00
5.101615e-02 2.072715e+00 2.072715e+00
5.196557e-02 2.043572e+00 2.043572e+00
5.293266e-02 2.015654e+00 2.015654e+00
5.391775e-02 1.988896e+00 1.988896e+00
5.492116e-02 1.963172e+00 1.963172e+00
5.594326e-02 1.938349e+00 1.938349e+00
5.698437e-02 1.914299e+00 1.914299e+00
5.804486e-02 1.890889e+00 1.890889e+00
5.912508e-02 1.867937e+00 1.867937e+00
6.022541e-02 1.845260e+00 1.845260e+00
6.134622e-02 1.822680e+00 1.822680e+00
6.248788e-02 1.799999e+00 1.799999e+00
6.365079e-02 1.777009e+00 1.777009e+00
6.483534e-02 1.753513e+00 1.753513e+00
6.604194e-02 1.729315e+00 1.729315e+00
6.727099e-02 1.704225e+00 1.704225e+00
6.852292e-02 1.678070e+00 1.678070e+00
6.979814e-02 1.650699e+00 1.650699e+00
7.109709e-02 1.621979e+00 1.621979e+00
7.242022e-02 1.591816e+00 1.591816e+00
7.376798e-02 1.560146e+00 1.560146e+00
7.514081e-02 1.526946e+00 1.526946e+00
7.653919e-02 1.492242e+00 1.492242e+00
7.796360e-02 1.456098e+00 1.456098e+00
7.941452e-02 1.418638e+00 1.418638e+00
8.089243e-02 1.380018e+00 1.380018e+00
8.239786e-02 1.340456e+00 1.340456e+00
8.393129e-02 1.300196e+00 1.300196e+00
8.549327e-02 1.259533e+00 1.259533e+00
8.708431e-02 1.218779e+00 1.218779e+00
8.870497e-02 1.178275e+00 1.178275e+00
9.035578e-02 1.138361e+00 1.138361e+00
9.203732e-02 1.099388e+00 1.099388e+00
9.375015e-02 1.061686e+00 1.061686e+00
9.549486e-02 1.025567e+00 1.025567e+00
9.727203e-02 9.913059e-01 9.913059e-01
9.908228e-02 9.591318e-01 9.591318e-01
1.009262e-01 9.292260e-01 9.292260e-01
1.028045e-01 9.017001e-01 9.017001e-01
1.047177e-01 8.766106e-01 8.766106e-01
1.066665e-01 8.539312e-01 8.539312e-01
1.086516e-01 8.335756e-01 8.335756e-01
1.106736e-01 8.153747e-01 8.153747e-01
1.127333e-01 7.990952e-01 7.990952e-01
1.148312e-01 7.844349e-01 7.844349e-01
1.169683e-01 7.710322e-01 7.710322e-01
1.191451e-01 7.584841e-01 7.584841e-01
1.213624e-01 7.463503e-01 7.463503e-01
1.236210e-01 7.341850e-01 7.341850e-01
1.259216e-01 7.215503e-01 7.215503e-01
1.282650e-01 7.080492e-01 7.080492e-01
1.306520e-01 6.933535e-01 6.933535e-01
1.330835e-01 6.772278e-01 6.772278e-01
1.355602e-01 6.595485e-01 6.595485e-01
1.380830e-01 6.403279e-01 6.403279e-01
1.406527e-01 6.196969e-01 6.196969e-01
1.432703e-01 5.979331e-01 5.979331e-01
1.459366e-01 5.753968e-01 5.753968e-01
1.486525e-01 5.525505e-01 5.525505e-01
1.514189e-01 5.298793e-01 5.298793e-01
1.542369e-01 5.078944e-01 5.078944e-01
1.571072e-01 4.870541e-01 4.870541e-01
1.600310e-01 4.677538e-01 4.677538e-01
1.630092e-01 4.502683e-01 4.502683e-01
1.660429e-01 4.347680e-01 4.347680e-01
1.691330e-01 4.212577e-01 4.212577e-01
1.722805e-01 4.096318e-01 4.096318e-01
1.754867e-01 3.996090e-01 3.996090e-01
1.787526e-01 3.908373e-01 3.908373e-01
1.820792e-01 3.828829e-01 3.828829e-01
1.854677e-01 3.752726e-01 3.752726e-01
1.889193e-01 3.675088e-01 3.675088e-01
1.924351e-01 3.591441e-01 3.591441e-01
1.960163e-01 3.498188e-01 3.498188e-01
1.996642e-01 3.393947e-01 3.393947e-01
2.033800e-01 3.279004e-01 3.279004e-01
2.071650e-01 3.155841e-01 3.155841e-01
2.110203e-01 3.028079e-01 3.028079e-01
2.149475e-01 2.900276e-01 2.900276e-01
2.189477e-01 2.776743e-01 2.776743e-01
2.230223e-01 2.661266e-01 2.661266e-01
2.271728e-01 2.556521e-01 2.556521e-01
2.314005e-01 2.464136e-01 2.464136e-01
2.357069e-01 2.384041e-01 2.384041e-01
2.400935e-01 2.314905e-01 2.314905e-01
2.445617e-01 2.253665e-01 2.253665e-01
2.491130e-01 2.196657e-01 2.196657e-01
2.537490e-01 2.139840e-01 2.139840e-01
2.584714e-01 2.080148e-01 2.080148e-01
2.632815e-01 2.015520e-01 2.015520e-01
2.681813e-01 1.945667e-01 1.945667e-01
2.731722e-01 1.871507e-01 1.871507e-01
2.782559e-01 1.795570e-01 1.795570e-01
2.834343e-01 1.720845e-01 1.720845e-01
2.887091e-01 1.650589e-01 1.650589e-01
2.940820e-01 1.586789e-01 1.586789e-01
2.995549e-01 1.530194e-01 1.530194e-01
3.051297e-01 1.479925e-01 1.479925e-01
3.108082e-01 1.434245e-01 1.434245e-01
3.165924e-01 1.390815e-01 1.390815e-01
3.224842e-01 1.347419e-01 1.347419e-01
3.284857e-01 1.302395e-01 1.302395e-01
3.345989e-01 1.255218e-01 1.255218e-01
3.408259e-01 1.206853e-01 1.206853e-01
3.471687e-01 1.158763e-01 1.158763e-01
3.536296e-01 1.112648e-01 1.112648e-01
3.602107e-01 1.069720e-01 1.069720e-01
3.669142e-01 1.030656e-01 1.030656e-01
3.737426e-01 9.947865e-02 9.947865e-02
3.806980e-01 9.609763e-02 9.609763e-02
3.877828e-01 9.279705e-02 9.279705e-02
3.949995e-01 8.948503e-02 8.948503e-02
4.023506e-01 8.614643e-02 8.614643e-02
4.098384e-01 8.281301e-02 8.281301e-02
4.174655e-01 7.957559e-02 7.957559e-02
4.252346e-01 7.649971e-02 7.649971e-02
4.331483e-01 7.361158e-02 7.361158e-02
4.412093e-01 7.089969e-02 7.089969e-02
4.494203e-01 6.831494e-02 6.831494e-02
4.577841e-01 6.580942e-02 6.580942e-02
4.663035e-01 6.333963e-02 6.333963e-02
4.749815e-01 6.090110e-02 6.090110e-02
4.838210e-01 5.852841e-02 5.852841e-02
4.928250e-01 5.625072e-02 5.625072e-02
5.019965e-01 5.408904e-02 5.408904e-02
5.113388e-01 5.204138e-02 5.204138e-02
5.208549e-01 5.007066e-02 5.007066e-02
5.305481e-01 4.814954e-02 4.814954e-02
5.404216e-01 4.628066e-02 4.628066e-02
5.504790e-01 4.447147e-02 4.447147e-02
5.607235e-01 4.273002e-02 4.273002e-02
5.711586e-01 4.106340e-02 4.106340e-02
5.817880e-01 3.946862e-02 3.946862e-02
5.926152e-01 3.793225e-02 3.793225e-02
6.036439e-01 3.644391e-02 3.644391e-02
6.148778e-01 3.500526e-02 3.500526e-02
6.263207e-01 3.362119e-02 3.362119e-02
6.379767e-01 3.229331e-02 3.229331e-02
6.498495e-01 3.101724e-02 3.101724e-02
6.619433e-01 2.978823e-02 2.978823e-02
6.742622e-01 2.860310e-02 2.860310e-02
6.868104e-01 2.746141e-02 2.746141e-02
6.995920e-01 2.636291e-02 2.636291e-02
7.126115e-01 2.530707e-02 2.530707e-02
7.258734e-01 2.429227e-02 2.429227e-02
7.393820e-01 2.331658e-02 2.331658e-02
7.531420e-01 2.237819e-02 2.237819e-02
7.671581e-01 2.147545e-02 2.147545e-02
7.814351e-01 2.060712e-02 2.060712e-02
7.959777e-01 1.977209e-02 1.977209e-02
8.107910e-01 1.896923e-02 1.896923e-02
8.258799e-01 1.819748e-02 1.819748e-02
8.412497e-01 1.745576e-02 1.745576e-02
8.569055e-01 1.674296e-02 1.674296e-02
8.728527e-01 1.605801e-02 1.605801e-02
8.890966e-01 1.539989e-02 1.539989e-02
9.056428e-01 1.476760e-02 1.476760e-02
9.224970e-01 1.416018e-02 1.416018e-02
9.396648e-01 1.357670e-02 1.357670e-02
9.571522e-01 1.301627e-02 1.301627e-02
9.749649e-01 1.247802e-02 1.247802e-02
9.931092e-01 1.196114e-02 1.196114e-02
1.011591e+00 1.146482e-02 1.146482e-02
1.030417e+00 1.098828e-02 1.098828e-02
1.049593e+00 1.053078e-02 1.053078e-02
1.069126e+00 1.009160e-02 1.009160e-02
1.089023e+00 9.670039e-03 9.670039e-03
1.109290e+00 9.265430e-03 9.265430e-03
1.129934e+00 8.877124e-03 8.877124e-03
1.150962e+00 8.504495e-03 8.504495e-03
1.172382e+00 8.146943e-03 8.146943e-03
1.194200e+00 7.803885e-03 7.803885e-03
1.216424e+00 7.474763e-03 7.474763e-03
1.239062e+00 7.159036e-03 7.159036e-03
1.262121e+00 6.856184e-03 6.856184e-03
1.285610e+00 6.565706e-03 6.565706e-03
1.309535e+00 6.287120e-03 6.287120e-03
1.333906e+00 6.019960e-03 6.019960e-03
1.358730e+00 5.763779e-03 5.763779e-03
1.384016e+00 5.518144e-03 5.518144e-03
1.409773e+00 5.282640e-03 5.282640e-03
1.436009e+00 5.056867e-03 5.056867e-03
1.462733e+00 4.840440e-03 4.840440e-03
1.489955e+00 4.632988e-03 4.632988e-03
1.517683e+00 4.434153e-03 4.434153e-03
1.545928e+00 4.243593e-03 4.243593e-03
1.574698e+00 4.060977e-03 4.060977e-03
1.604003e+00 3.885986e-03 3.885986e-03
1.633854e+00 3.718315e-03 3.718315e-03
1.664260e+00 3.557670e-03 3.557670e-03
1.695232e+00 3.403766e-03 3.403766e-03
1.726781e+00 3.256332e-03 3.256332e-03
1.758917e+00 3.115106e-03 3.115106e-03
1.791650e+00 2.979834e-03 2.979834e-03
1.824993e+00 2.850275e-03 2.850275e-03
1.858957e+00 2.726196e-03 2.726196e-03
1.893552e+00 2.607373e-03 2.607373e-03
1.928792e+00 2.493591e-03 2.493591e-03
1.964687e+00 2.384643e-03 2.384643e-03
2.001250e+00 2.280331e-03 2.280331e-03
2.038493e+00 2.180464e-03 2.180464e-03
2.076430e+00 2.084858e-03 2.084858e-03
2.115073e+00 1.993339e-03 1.993339e-03
2.154435e+00 1.905736e-03 1.905736e-03
2.194529e+00 1.821887e-03 1.821887e-03
2.235370e+00 1.741638e-03 1.741638e-03
2.276970e+00 1.664837e-03 1.664837e-03
2.319345e+00 1.591341e-03 1.591341e-03
2.362508e+00 1.521013e-03 1.521013e-03
2.406475e+00 1.453720e-03 1.453720e-03
2.451260e+00 1.389335e-03 1.389335e-03
2.496878e+00 1.327736e-03 1.327736e-03
2.543346e+00 1.268805e-03 1.268805e-03
2.590678e+00 1.212432e-03 1.212432e-03
2.638891e+00 1.158507e-03 1.158507e-03
2.688001e+00 1.106928e-03 1.106928e-03
2.738025e+00 1.057596e-03 1.057596e-03
2.788980e+00 1.010414e-03 1.010414e-03
2.840884e+00 9.652922e-04 9.652922e-04
2.893753e+00 9.221426e-04 9.221426e-04
2.947606e+00 8.808812e-04 8.808812e-04
3.002462e+00 8.414277e-04 8.414277e-04
3.058338e+00 8.037048e-04 8.037048e-04
3.115254e+00 7.676385e-04 7.676385e-04
3.173230e+00 7.331579e-04 7.331579e-04
3.232284e+00 7.001950e-04 7.001950e-04
3.292437e+00 6.686847e-04 6.686847e-04
3.353710e+00 6.385645e-04 6.385645e-04
3.416123e+00 6.097745e-04 6.097745e-04
3.479698e+00 5.822576e-04 5.822576e-04
3.544456e+00 5.559586e-04 5.559586e-04
3.610419e+00 5.308249e-04 5.308249e-04
3.677609e+00 5.068062e-04 5.068062e-04
3.746050e+00 4.838541e-04 4.838541e-04
3.815765e+00 4.619224e-04 4.619224e-04
3.886777e+00 4.409666e-04 4.409666e-04
3.959110e+00 4.209444e-04 4.209444e-04
4.032790e+00 4.018150e-04 4.018150e-04
4.107841e+00 3.835396e-04 3.835396e-04
4.184289e+00 3.660808e-04 3.660808e-04
4.262159e+00 3.494030e-04 3.494030e-04
4.341478e+00 3.334720e-04 3.334720e-04
4.422274e+00 3.182549e-04 3.182549e-04
4.504573e+00 3.037205e-04 3.037205e-04
4.588404e+00 2.898387e-04 2.898387e-04
4.673795e+00 2.765808e-04 2.765808e-04
4.760775e+00 2.639194e-04 2.639194e-04
4.849374e+00 2.518281e-04 2.518281e-04
4.939622e+00 2.402818e-04 2.402818e-04
5.031549e+00 2.292563e-04 2.292563e-04
5.125187e+00 2.187287e-04 2.187287e-04
5.220568e+00 2.086768e-04 2.086768e-04
5.317723e+00 1.990797e-04 1.990797e-04
5.416687e+00 1.899170e-04 1.899170e-04
5.517492e+00 1.811696e-04 1.811696e-04
5.620174e+00 1.728189e-04 1.728189e-04
5.724766e+00 1.648472e-04 1.648472e-04
5.831305e+00 1.572378e-04 1.572378e-04
5.939827e+00 1.499744e-04 1.499744e-04
6.050368e+00 1.430415e-04 1.430415e-04
6.162966e+00 1.364245e-04 1.364245e-04
6.277660e+00 1.301091e-04 1.301091e-04
6.394488e+00 1.240819e-04 1.240819e-04
6.513491e+00 1.183299e-04 1.183299e-04
6.634708e+00 1.128408e-04 1.128408e-04
6.758181e+00 1.076028e-04 1.076028e-04
6.883952e+00 1.026046e-04 1.026046e-04
7.012064e+00 9.783533e-05 9.783533e-05
7.142559e+00 9.328475e-05 9.328475e-05
7.275484e+00 8.894297e-05 8.894297e-05
7.410882e+00 8.480056e-05 8.480056e-05
7.548799e+00 8.084851e-05 8.084851e-05
7.689284e+00 7.707823e-05 7.707823e-05
7.832383e+00 7.348146e-05 7.348146e-05
7.978145e+00 7.005036e-05 7.005036e-05
8.126619e+00 6.677742e-05 6.677742e-05
8.277857e+00 6.365544e-05 6.365544e-05
8.431909e+00 6.067758e-05 6.067758e-05
8.588829e+00 5.783728e-05 5.783728e-05
8.748668e+00 5.512828e-05 5.512828e-05
8.911482e+00 5.254460e-05 5.254460e-05
9.077327e+00 5.008052e-05 5.008052e-05
9.246257e+00 4.773058e-05 4.773058e-05
9.418332e+00 4.548958e-05 4.548958e-05
9.593608e+00 4.335253e-05 4.335253e-05
9.772147e+00 4.131468e-05 4.131468e-05
9.954008e+00 3.937150e-05 3.937150e-05
1.013925e+01 3.751863e-05 3.751863e-05
1.032795e+01 3.575194e-05 3.575194e-05
1.052015e+01 3.406749e-05 3.406749e-05
1.071593e+01 3.246148e-05 3.246148e-05
1.091536e+01 3.093033e-05 3.093033e-05
1.111850e+01 2.947058e-05 2.947058e-05
1.132541e+01 2.807894e-05 2.807894e-05
1.153618e+01 2.675230e-05 2.675230e-05
1.175087e+01 2.548764e-05 2.548764e-05
1.196956e+01 2.428210e-05 2.428210e-05
1.219231e+01 2.313297e-05 2.313297e-05
1.241921e+01 2.203764e-05 2.203764e-05
1.265034e+01 2.099361e-05 2.099361e-05
1.288576e+01 1.999852e-05 1.999852e-05
1.312557e+01 1.905010e-05 1.905010e-05
1.336984e+01 1.814619e-05 1.814619e-05
1.361865e+01 1.728472e-05 1.728472e-05
1.387210e+01 1.646373e-05 1.646373e-05
1.413026e+01 1.568133e-05 1.568133e-05
1.439323e+01 1.493574e-05 1.493574e-05
1.466109e+01 1.422524e-05 1.422524e-05
1.493393e+01 1.354821e-05 1.354821e-05
1.521186e+01 1.290307e-05 1.290307e-05
1.549495e+01 1.228835e-05 1.228835e-05
1.578331e+01 1.170263e-05 1.170263e-05
1.607704e+01 1.114456e-05 1.114456e-05
1.637624e+01 1.061284e-05 1.061284e-05
1.668101e+01 1.010625e-05 1.010625e-05
1.699144e+01 9.623610e-06 9.623610e-06
1.730766e+01 9.163801e-06 9.163801e-06
1.762975e+01 8.725754e-06 8.725754e-06
1.795785e+01 8.308451e-06 8.308451e-06
1.829205e+01 7.910920e-06 7.910920e-06
1.863246e+01 7.532234e-06 7.532234e-06
1.897922e+01 7.171510e-06 7.171510e-06
1.933242e+01 6.827904e-06 6.827904e-06
1.969220e+01 6.500612e-06 6.500612e-06
2.005868e+01 6.188869e-06 6.188869e-06
2.043197e+01 5.891942e-06 5.891942e-06
2.081222e+01 5.609135e-06 5.609135e-06
2.119953e+01 5.339783e-06 5.339783e-06
2.159406e+01 5.083253e-06 5.083253e-06
2.199593e+01 4.838940e-06 4.838940e-06
2.240528e+01 4.606267e-06 4.606267e-06
2.282224e+01 4.384687e-06 4.384687e-06
2.324697e+01 4.173674e-06 4.173674e-06
2.367960e+01 3.972730e-06 3.972730e-06
2.412028e+01 3.781378e-06 3.781378e-06
2.456916e+01 3.599166e-06 3.599166e-06
2.502640e+01 3.425661e-06 3.425661e-06
2.549215e+01 3.260451e-06 3.260451e-06
2.596656e+01 3.103142e-06 3.103142e-06
2.644980e+01 2.953361e-06 2.953361e-06
2.694204e+01 2.810750e-06 2.810750e-06
2.744343e+01 2.674970e-06 2.674970e-06
2.795416e+01 2.545696e-06 2.545696e-06
2.847439e+01 2.422620e-06 2.422620e-06
2.900430e+01 2.305446e-06 2.305446e-06
2.954408e+01 2.193895e-06 2.193895e-06
3.009390e+01 2.087698e-06 2.087698e-06
3.065395e+01 1.986603e-06 1.986603e-06
3.122443e+01 1.890364e-06 1.890364e-06
3.180552e+01 1.798752e-06 1.798752e-06
3.239743e+01 1.711545e-06 1.711545e-06
3.300035e+01 1.628534e-06 1.628534e-06
3.361449e+01 1.549519e-06 1.549519e-06
3.424006e+01 1.474309e-06 1.474309e-06
3.487727e+01 1.402721e-06 1.402721e-06
3.552635e+01 1.334584e-06 1.334584e-06
3.618750e+01 1.269732e-06 1.269732e-06
3.686095e+01 1.208008e-06 1.208008e-06
3.754694e+01 1.149262e-06 1.149262e-06
3.824570e+01 1.093351e-06 1.093351e-06
3.895746e+01 1.040141e-06 1.040141e-06
3.968246e+01 9.895016e-07 9.895016e-07
4.042096e+01 9.413093e-07 9.413093e-07
4.117320e+01 8.954472e-07 8.954472e-07
4.193944e+01 8.518033e-07 8.518033e-07
4.271994e+01 8.102712e-07 8.102712e-07
4.351497e+01 7.707496e-07 7.707496e-07
4.432479e+01 7.331418e-07 7.331418e-07
4.514968e+01 6.973559e-07 6.973559e-07
4.598992e+01 6.633042e-07 6.633042e-07
4.684580e+01 6.309035e-07 6.309035e-07
4.771761e+01 6.000742e-07 6.000742e-07
4.860564e+01 5.707407e-07 5.707407e-07
4.951020e+01 5.428309e-07 5.428309e-07
5.043159e+01 5.162764e-07 5.162764e-07
5.137014e+01 4.910117e-07 4.910117e-07
5.232614e+01 4.669748e-07 4.669748e-07
5.329994e+01 4.441063e-07 4.441063e-07
5.429186e+01 4.223499e-07 4.223499e-07
5.530224e+01 4.016519e-07 4.016519e-07
5.633143e+01 3.819612e-07 3.819612e-07
5.737976e+01 3.632291e-07 3.632291e-07
5.844761e+01 3.454092e-07 3.454092e-07
5.953533e+01 3.284576e-07 3.284576e-07
6.064329e+01 3.123321e-07 3.123321e-07
6.177188e+01 2.969928e-07 2.969928e-07
6.292146e+01 2.824016e-07 2.824016e-07
6.409244e+01 2.685224e-07 2.685224e-07
6.528521e+01 2.553205e-07 2.553205e-07
6.650018e+01 2.427633e-07 2.427633e-07
6.773776e+01 2.308194e-07 2.308194e-07
6.899837e+01 2.194591e-07 2.194591e-07
7.028244e+01 2.086540e-07 2.086540e-07
7.159041e+01 1.983772e-07 1.983772e-07
7.292272e+01 1.886031e-07 1.886031e-07
7.427982e+01 1.793071e-07 1.793071e-07
7.566219e+01 1.704662e-07 1.704662e-07
7.707027e+01 1.620580e-07 1.620580e-07
7.850456e+01 1.540617e-07 1.540617e-07
7.996555e+01 1.464571e-07 1.464571e-07
8.145372e+01 1.392253e-07 1.392253e-07
8.296959e+01 1.323480e-07 1.323480e-07
8.451366e+01 1.258080e-07 1.258080e-07
8.608648e+01 1.195888e-07 1.195888e-07
8.768856e+01 1.136749e-07 1.136749e-07
8.932046e+01 1.080512e-07 1.080512e-07
9.098273e+01 1.027038e-07 1.027038e-07
9.267593e+01 9.761904e-08 9.761904e-08
9.440065e+01 9.278416e-08 9.278416e-08
9.615746e+01 8.818695e-08 8.818695e-08
9.794697e+01 8.381580e-08 8.381580e-08
9.976978e+01 7.965968e-08 7.965968e-08
1.016265e+02 7.570808e-08 7.570808e-08
1.035178e+02 7.195100e-08 7.195100e-08
1.054443e+02 6.837893e-08 6.837893e-08
1.074066e+02 6.498282e-08 6.498282e-08
1.094055e+02 6.175405e-08 6.175405e-08
1.114415e+02 5.868444e-08 5.868444e-08
1.135155e+02 5.576619e-08 5.576619e-08
1.156280e+02 5.299187e-08 5.299187e-08
1.177799e+02 5.035444e-08 5.035444e-08
1.199718e+02 4.784719e-08 4.784719e-08
1.222045e+02 4.546373e-08 4.546373e-08
1.244787e+02 4.319800e-08 4.319800e-08
1.267953e+02 4.104422e-08 4.104422e-08
1.291550e+02 3.899689e-08 3.899689e-08
1.315586e+02 3.705079e-08 3.705079e-08
1.340069e+02 3.520096e-08 3.520096e-08
1.365008e+02 3.344266e-08 3.344266e-08
1.390411e+02 3.177138e-08 3.177138e-08
1.416287e+02 3.018286e-08 3.018286e-08
1.442644e+02 2.867302e-08 2.867302e-08
1.469492e+02 2.723798e-08 2.723798e-08
1.496839e+02 2.587407e-08 2.587407e-08
1.524696e+02 2.457778e-08 2.457778e-08
1.553071e+02 2.334579e-08 2.334579e-08
1.581973e+02 2.217493e-08 2.217493e-08
1.611414e+02 2.106219e-08 2.106219e-08
1.641403e+02 2.000471e-08 2.000471e-08
1.671950e+02 1.899976e-08 1.899976e-08
1.703065e+02 1.804476e-08 1.804476e-08
1.734759e+02 1.713723e-08 1.713723e-08
1.767044e+02 1.627484e-08 1.627484e-08
1.799929e+02 1.545535e-08 1.545535e-08
1.833425e+02 1.467664e-08 1.467664e-08
1.867546e+02 1.393670e-08 1.393670e-08
1.902301e+02 1.323361e-08 1.323361e-08
1.937703e+02 1.256556e-08 1.256556e-08
1.973764e+02 1.193080e-08 1.193080e-08
2.010496e+02 1.132770e-08 1.132770e-08
2.047912e+02 1.075469e-08 1.075469e-08
2.086024e+02 1.021028e-08 1.021028e-08
2.124845e+02 9.693058e-09 9.693058e-09
2.164389e+02 9.201676e-09 9.201676e-09
2.204669e+02 8.734853e-09 8.734853e-09
2.245698e+02 8.291374e-09 8.291374e-09
2.287491e+02 7.870081e-09 7.870081e-09
2.330061e+02 7.469874e-09 7.469874e-09
2.373424e+02 7.089709e-09 7.089709e-09
2.417594e+02 6.728591e-09 6.728591e-09
2.462586e+02 6.385576e-09 6.385576e-09
2.508415e+02 6.059766e-09 6.059766e-09
2.555097e+02 5.750308e-09 5.750308e-09
2.602648e+02 5.456390e-09 5.456390e-09
2.651084e+02 5.177240e-09 5.177240e-09
2.700421e+02 4.912125e-09 4.912125e-09
2.750676e+02 4.660348e-09 4.660348e-09
2.801867e+02 4.421244e-09 4.421244e-09
2.854010e+02 4.194182e-09 4.194182e-09
2.907123e+02 3.978564e-09 3.978564e-09
2.961225e+02 3.773820e-09 3.773820e-09
3.016334e+02 3.579408e-09 3.579408e-09
3.072469e+02 3.394814e-09 3.394814e-09
3.129648e+02 3.219548e-09 3.219548e-09
3.187891e+02 3.053147e-09 3.053147e-09
3.247218e+02 2.895167e-09 2.895167e-09
3.307650e+02 2.745189e-09 2.745189e-09
3.369206e+02 2.602814e-09 2.602814e-09
3.431907e+02 2.467662e-09 2.467662e-09
3.495776e+02 2.339374e-09 2.339374e-09
3.560833e+02 2.217606e-09 2.217606e-09
3.627100e+02 2.102034e-09 2.102034e-09
3.694601e+02 1.992347e-09 1.992347e-09
3.763358e+02 1.888250e-09 1.888250e-09
3.833395e+02 1.789466e-09 1.789466e-09
3.904735e+02 1.695726e-09 1.695726e-09
3.977403e+02 1.606780e-09 1.606780e-09
4.051423e+02 1.522386e-09 1.522386e-09
4.126821e+02 1.442315e-09 1.442315e-09
4.203622e+02 1.366352e-09 1.366352e-09
4.281852e+02 1.294290e-09 1.294290e-09
4.361538e+02 1.225935e-09 1.225935e-09
4.442707e+02 1.161100e-09 1.161100e-09
4.525386e+02 1.099610e-09 1.099610e-09
4.609604e+02 1.041298e-09 1.041298e-09
4.695390e+02 9.860028e-10 9.860028e-10
4.782772e+02 9.335734e-10 9.335734e-10
4.871780e+02 8.838652e-10 8.838652e-10
4.962445e+02 8.367407e-10 8.367407e-10
5.054797e+02 7.920694e-10 7.920694e-10
5.148867e+02 7.497269e-10 7.497269e-10
5.244689e+02 7.095950e-10 7.095950e-10
5.342293e+02 6.715616e-10 6.715616e-10
5.441714e+02 6.355205e-10 6.355205e-10
5.542986e+02 6.013711e-10 6.013711e-10
5.646141e+02 5.690176e-10 5.690176e-10
5.751217e+02 5.383687e-10 5.383687e-10
5.858248e+02 5.093377e-10 5.093377e-10
5.967271e+02 4.818419e-10 4.818419e-10
6.078323e+02 4.558026e-10 4.558026e-10
6.191442e+02 4.311451e-10 4.311451e-10
6.306666e+02 4.077984e-10 4.077984e-10
6.424034e+02 3.856946e-10 3.856946e-10
6.543586e+02 3.647696e-10 3.647696e-10
6.665363e+02 3.449623e-10 3.449623e-10
6.789407e+02 3.262154e-10 3.262154e-10
6.915759e+02 3.084758e-10 3.084758e-10
7.044462e+02 2.916929e-10 2.916929e-10
7.175561e+02 2.758180e-10 2.758180e-10
7.309099e+02 2.608048e-10 2.608048e-10
7.445123e+02 2.466090e-10 2.466090e-10
7.583678e+02 2.331883e-10 2.331883e-10
7.724811e+02 2.205024e-10 2.205024e-10
7.868572e+02 2.085127e-10 2.085127e-10
8.015007e+02 1.971827e-10 1.971827e-10
8.164168e+02 1.864773e-10 1.864773e-10
8.316104e+02 1.763634e-10 1.763634e-10
8.470868e+02 1.668090e-10 1.668090e-10
8.628513e+02 1.577825e-10 1.577825e-10
8.789091e+02 1.492532e-10 1.492532e-10
8.952657e+02 1.411925e-10 1.411925e-10
9.119268e+02 1.335736e-10 1.335736e-10
9.288979e+02 1.263712e-10 1.263712e-10
9.461848e+02 1.195616e-10 1.195616e-10
9.637935e+02 1.131225e-10 1.131225e-10
9.817298e+02 1.070329e-10 1.070329e-10
1.000000e+03 1.012732e-10 1.012732e-10
